1 2 9 1207
1 2 9 6280
1 2 9 6323
1 2 9 6386
1 2 13 3451
1 2 13 5814
1 2 13 5849
1 2 23 1245
1 2 24 1640
1 2 25 2500
1 2 27 136
1 2 28 2622
1 2 28 3301
1 2 36 670
1 2 36 5393
1 2 41 4345
1 2 41 4359
1 2 44 336
1 2 49 1734
1 2 49 1967
1 2 49 6175
1 2 51 620
1 2 63 1867
1 2 63 2412
1 2 63 3416
1 2 72 3773
1 2 82 619
1 2 82 1870
1 2 84 587
1 2 84 2434
1 2 86 1243
1 2 86 2030
1 2 88 1765
1 2 91 470
1 2 91 4990
1 2 91 5035
1 2 93 1809
1 2 93 5527
1 2 93 5528
1 2 93 5606
1 2 93 5614
1 2 98 5952
1 2 108 4180
1 2 110 2250
1 2 110 4086
1 2 114 1873
1 2 114 5017
1 2 116 5825
1 2 118 1760
1 2 119 768
1 2 121 4625
1 2 123 2163
1 2 127 2333
1 2 129 2324
1 2 133 3095
1 2 135 217
1 2 135 330
2 2 143 1169
1 2 158 5615
1 2 158 5640
1 2 159 4118
1 2 159 4131
1 2 159 4171
1 2 161 3296
2 2 163 2528
1 2 165 174
1 2 167 3646
1 2 169 4602
1 2 169 4664
1 2 173 2186
1 2 173 6575
1 2 174 2738
1 2 181 762
1 2 181 2205
1 2 182 2519
1 2 182 6556
1 2 188 2249
1 2 190 701
1 2 193 1420
1 2 193 3371
2 2 196 689
1 2 201 873
1 2 209 2407
1 2 209 4267
1 2 209 4292
1 2 217 1768
1 2 224 4108
1 2 226 398
1 2 226 1913
1 2 229 2891
1 2 236 4108
1 2 236 4129
1 2 242 2068
1 2 246 1317
1 2 247 444
1 2 247 3462
1 2 248 5419
1 2 261 2069
1 2 268 3281
2 2 268 5470
2 2 268 5506
1 2 272 2179
1 2 273 1786
2 2 277 1200
2 2 277 4375
2 2 277 4402
1 2 278 1037
1 2 280 3420
1 2 280 6121
1 2 287 3867
1 2 292 701
1 2 293 4564
1 2 301 348
1 2 306 1789
1 2 308 5231
3 2 308 5232
3 2 308 5274
1 2 315 2534
1 2 318 1712
2 2 323 1046
1 2 325 5684
1 2 329 1378
1 2 329 3077
1 2 334 4922
1 2 336 2625
2 2 336 2678
1 2 338 1416
1 2 338 4352
1 2 338 4400
1 2 339 1454
1 2 339 2174
1 2 341 4469
1 2 344 5852
1 2 344 5875
1 2 349 6280
1 2 359 2243
1 2 359 4328
1 2 359 4390
1 2 364 2122
1 2 364 5383
1 2 369 6416
1 2 369 6492
1 2 377 1801
1 2 377 6399
1 2 392 2830
1 2 392 4627
1 2 398 2143
1 2 398 4036
1 2 399 968
1 2 413 2220
2 2 414 5737
2 2 417 3926
1 2 441 3740
1 2 441 3773
1 2 441 3778
1 2 444 3462
1 2 444 3731
1 2 446 1899
1 2 446 2250
1 2 446 4086
1 2 447 502
1 2 450 4834
1 2 455 5758
1 2 458 1027
1 2 461 4885
1 2 461 4899
1 2 462 916
1 2 462 1973
1 2 470 2716
1 2 470 5035
1 2 472 1091
1 2 472 4064
1 2 472 4126
1 2 481 2028
1 2 481 3304
2 2 493 4889
1 2 497 2791
1 2 497 2974
1 2 502 747
1 2 508 4087
1 2 514 3522
1 2 520 1529
1 2 520 5946
1 2 521 1353
2 2 521 2297
1 2 524 2577
1 2 524 5356
1 2 524 5403
1 2 524 5433
1 2 528 620
1 2 528 640
2 2 528 2790
1 2 545 1145
1 2 545 1351
1 2 545 1815
1 2 545 2098
1 2 552 1432
1 2 556 792
1 2 556 3738
1 2 558 2330
1 2 559 629
1 2 566 1633
1 2 579 1664
1 2 579 4468
1 2 579 4491
1 2 579 4500
1 2 579 4515
1 2 584 5002
1 2 584 5021
1 2 584 5045
1 2 589 3876
1 2 597 3445
1 2 602 2797
1 2 606 3188
1 2 606 4304
1 2 609 5643
1 2 612 4405
1 2 613 763
1 2 613 1807
1 2 616 1825
1 2 619 1153
1 2 619 1238
1 2 623 1087
1 2 625 3004
1 2 629 1903
1 2 633 906
1 2 633 2632
1 2 638 2221
1 2 638 6462
1 2 638 6490
1 2 638 6522
1 2 638 6544
1 2 640 1530
1 2 640 2790
1 2 645 934
2 2 645 5352
1 2 650 6309
2 2 652 3558
1 2 654 2568
1 2 657 1280
1 2 657 6115
1 2 669 832
1 2 670 3465
1 2 670 5473
1 2 692 1504
2 2 699 3429
1 2 700 3349
1 2 702 6663
1 2 708 6076
1 2 710 2383
1 2 717 3871
1 2 717 3894
1 2 722 6240
1 2 722 6345
1 2 723 5627
1 2 723 5628
1 2 724 1200
1 2 724 1550
2 2 726 3989
1 2 732 1966
1 2 732 2351
1 2 732 3012
1 2 741 1351
1 2 741 2098
2 2 741 3825
1 2 743 3041
1 2 751 2690
1 2 751 4162
1 2 752 1099
1 2 752 1892
1 2 756 4222
1 2 756 4281
1 2 760 2463
2 2 761 944
2 2 761 3444
2 2 761 5625
1 2 763 800
1 2 763 838
1 2 766 5934
1 2 766 5941
1 2 769 4372
1 2 769 4415
1 2 773 3515
1 2 774 6741
1 2 786 2317
2 2 786 4574
2 2 786 4588
1 2 786 4623
1 2 791 1025
1 2 791 6179
1 2 791 6216
1 2 792 3738
1 2 793 2758
1 2 793 5562
1 2 793 5590
1 2 800 838
1 2 802 3619
1 2 802 3631
1 2 806 6594
1 2 806 6678
1 2 808 4890
1 2 809 1920
1 2 821 2325
2 2 821 2743
1 2 825 2869
1 2 825 4966
1 2 827 1612
1 2 827 6696
1 2 829 1917
1 2 841 1740
1 2 847 1872
1 2 856 1030
1 2 856 2859
1 2 856 6051
2 2 858 2109
2 2 858 5443
2 2 866 995
1 2 866 1407
1 2 867 1982
1 2 867 3555
1 2 867 3562
1 2 869 1209
1 2 870 1698
1 2 870 1809
1 2 870 5587
1 2 870 5605
1 2 871 1329
2 2 880 2205
1 2 887 3049
2 2 890 1924
1 2 897 6652
1 2 900 4175
1 2 900 4223
1 2 903 4508
1 2 905 1003
2 2 905 4534
2 2 906 2282
2 2 913 3587
1 2 913 3606
1 2 915 5299
2 2 916 1973
2 2 916 5314
1 2 916 5378
1 2 918 5685
1 2 919 1191
1 2 919 1655
1 2 919 3008
1 2 919 4152
1 2 936 2450
1 2 940 1345
1 2 942 4276
1 2 942 4313
1 2 944 1954
1 2 944 5580
3 2 944 5625
3 2 944 5626
1 2 951 2610
1 2 959 4106
1 2 961 1382
2 2 966 5005
1 2 976 5655
1 2 979 1177
1 2 979 3977
1 2 981 2499
1 2 981 5697
1 2 984 3330
1 2 984 4622
2 2 984 4639
2 2 984 4682
1 2 985 5341
1 2 990 6469
1 2 990 6531
1 2 995 1407
1 2 997 2743
1 2 997 6336
1 2 997 6366
1 2 1003 4534
2 2 1012 3316
1 2 1012 5778
1 2 1015 1554
1 2 1016 3818
1 2 1016 3821
1 2 1016 3835
1 2 1020 6037
1 2 1023 1698
3 2 1023 5587
1 2 1023 5595
1 2 1024 4637
1 2 1024 4656
1 2 1024 4666
1 2 1027 3050
2 2 1028 1108
1 2 1029 1870
1 2 1029 2104
1 2 1030 6051
1 2 1034 6673
1 2 1034 6679
1 2 1034 6746
1 2 1035 2534
1 2 1035 2688
1 2 1036 3633
1 2 1036 3663
1 2 1036 3665
1 2 1038 5630
2 2 1038 5674
1 2 1038 5684
1 2 1039 5941
1 2 1042 5724
1 2 1043 5625
1 2 1043 5634
1 2 1047 3695
1 2 1047 3730
1 2 1053 2125
1 2 1054 2346
1 2 1055 5113
1 2 1063 4309
1 2 1063 4357
2 2 1065 1573
1 2 1067 6091
1 2 1072 1538
1 2 1072 2248
1 2 1072 2894
1 2 1072 3132
1 2 1073 3272
1 2 1074 3580
1 2 1091 3382
1 2 1091 4138
1 2 1098 3971
1 2 1098 3978
1 2 1098 4008
1 2 1099 1892
1 2 1099 5236
1 2 1099 5261
1 2 1101 1208
1 2 1101 1484
1 2 1111 3355
2 2 1111 4562
1 2 1116 1510
1 2 1116 5417
1 2 1117 1858
1 2 1120 2687
1 2 1130 3041
1 2 1137 4823
1 2 1152 1159
1 2 1153 1238
2 2 1153 3914
2 2 1157 2781
2 2 1161 1850
1 2 1161 2001
2 2 1161 2840
1 2 1161 4021
1 2 1161 4155
1 2 1172 2012
1 2 1174 2418
1 2 1176 1945
1 2 1176 3831
1 2 1176 3938
1 2 1177 1328
1 2 1182 5715
1 2 1187 5010
1 2 1187 5071
1 2 1191 1328
1 2 1191 3008
1 2 1195 1384
1 2 1200 2310
2 2 1207 6386
1 2 1207 6433
1 2 1208 1484
1 2 1208 2122
1 2 1208 5383
1 2 1208 5422
1 2 1209 4981
1 2 1216 5832
1 2 1220 2417
1 2 1221 2624
1 2 1221 4911
1 2 1222 1939
1 2 1222 6536
1 2 1227 2330
1 2 1232 1531
1 2 1232 6541
1 2 1238 1596
1 2 1238 3914
1 2 1243 2030
1 2 1243 5650
1 2 1244 5893
2 2 1245 2888
1 2 1248 1430
1 2 1256 6484
1 2 1256 6526
1 2 1259 6389
1 2 1266 6086
1 2 1276 3753
1 2 1278 1751
1 2 1278 2145
1 2 1278 3521
1 2 1281 2306
1 2 1281 2422
1 2 1281 2620
1 2 1289 3326
1 2 1308 1977
1 2 1308 4438
1 2 1309 2880
1 2 1312 2913
1 2 1312 4675
1 2 1312 4698
1 2 1318 5364
2 2 1323 4405
2 2 1323 4444
1 2 1326 2661
1 2 1331 6108
1 2 1341 4934
1 2 1343 2501
1 2 1343 5076
1 2 1343 5119
1 2 1343 5126
1 2 1345 6309
1 2 1349 5184
1 2 1349 5196
1 2 1351 2098
1 2 1353 2297
1 2 1360 2571
1 2 1360 5378
1 2 1378 3077
1 2 1379 1976
1 2 1391 3709
1 2 1391 3766
1 2 1397 3374
1 2 1400 3003
2 2 1402 5052
1 2 1402 5058
1 2 1403 6124
1 2 1403 6217
1 2 1416 4248
1 2 1419 1467
1 2 1419 2348
1 2 1419 6007
1 2 1420 3371
1 2 1421 3445
3 2 1435 2332
2 2 1435 2712
1 2 1436 3180
1 2 1436 4447
2 2 1454 2106
2 2 1487 2660
1 2 1493 3765
1 2 1493 3809
1 2 1493 3849
1 2 1494 4203
1 2 1499 1879
1 2 1504 4763
1 2 1518 6456
1 2 1518 6505
1 2 1523 6525
1 2 1527 1862
1 2 1527 3450
1 2 1529 5946
1 2 1531 6541
1 2 1531 6683
1 2 1538 2248
1 2 1538 3132
1 2 1539 2866
1 2 1551 2005
1 2 1551 2446
1 2 1554 2713
1 2 1561 6025
1 2 1561 6121
1 2 1564 1594
1 2 1564 1708
1 2 1566 3195
1 2 1566 4331
1 2 1566 4340
1 2 1573 2117
1 2 1575 1740
1 2 1578 2310
1 2 1580 3992
1 2 1583 5239
2 2 1584 1893
1 2 1584 3823
1 2 1586 5463
1 2 1594 1708
1 2 1595 1760
1 2 1596 3914
1 2 1597 2046
1 2 1598 2128
1 2 1598 5816
1 2 1607 3587
1 2 1607 3596
2 2 1608 4763
1 2 1609 6614
1 2 1612 6575
1 2 1612 6696
1 2 1617 6342
1 2 1622 5731
1 2 1627 4236
1 2 1627 4352
1 2 1635 2679
1 2 1635 3216
1 2 1635 5118
1 2 1635 5149
1 2 1636 1818
1 2 1637 2218
1 2 1637 5843
1 2 1637 5873
1 2 1638 2299
1 2 1638 5837
1 2 1639 2407
1 2 1639 4223
1 2 1639 4231
1 2 1652 4336
1 2 1652 4351
1 2 1655 3008
1 2 1655 4112
1 2 1655 4152
1 2 1655 4175
1 2 1658 2262
1 2 1663 4681
1 2 1663 4703
1 2 1664 4438
1 2 1664 4499
1 2 1664 4500
1 2 1667 6486
1 2 1667 6494
1 2 1677 1742
1 2 1680 4783
1 2 1680 4784
2 2 1690 4551
1 2 1694 2231
2 2 1694 5776
1 2 1694 5820
1 2 1695 5306
1 2 1698 1809
1 2 1698 1852
1 2 1698 5587
1 2 1707 3188
1 2 1707 4174
1 2 1720 1836
1 2 1722 1761
2 2 1723 2819
1 2 1725 4967
1 2 1732 1984
1 2 1732 3278
1 2 1734 1835
1 2 1734 6175
1 2 1735 2310
1 2 1735 4345
1 2 1736 2800
1 2 1736 2815
1 2 1736 3061
1 2 1736 3274
1 2 1739 2729
1 2 1743 2131
1 2 1745 3809
1 2 1751 3522
1 2 1760 2777
1 2 1765 2273
1 2 1771 4976
1 2 1772 2681
1 2 1772 6173
1 2 1776 2881
1 2 1776 6185
2 2 1786 1801
1 2 1792 6101
1 2 1792 6170
1 2 1803 4322
3 2 1803 4365
1 2 1809 1852
1 2 1809 5527
1 2 1809 5605
1 2 1809 5606
1 2 1815 2098
1 2 1815 3863
1 2 1817 2632
1 2 1835 6175
1 2 1843 2819
1 2 1848 4678
1 2 1848 4705
1 2 1850 4155
1 2 1852 5485
1 2 1852 5527
1 2 1856 2058
1 2 1856 2946
1 2 1858 5655
1 2 1862 3450
1 2 1862 6744
1 2 1863 1897
1 2 1863 4708
1 2 1867 3416
1 2 1869 5372
1 2 1869 5386
1 2 1872 2104
1 2 1872 3926
1 2 1876 2668
1 2 1878 2298
1 2 1878 5561
1 2 1879 6292
1 2 1879 6341
1 2 1892 1952
1 2 1892 3312
1 2 1892 5261
1 2 1893 3823
1 2 1893 3831
1 2 1896 5457
1 2 1897 4696
1 2 1897 4708
1 2 1900 5481
1 2 1911 4155
1 2 1913 3908
1 2 1918 3043
2 2 1922 5728
2 2 1924 3416
1 2 1926 6561
1 2 1927 1966
1 2 1927 2113
1 2 1927 2351
1 2 1929 5877
1 2 1939 6536
1 2 1940 2929
1 2 1940 5053
1 2 1945 3938
1 2 1946 6472
1 2 1952 3312
1 2 1952 5340
1 2 1952 5359
1 2 1954 2298
1 2 1954 5580
1 2 1954 5626
1 2 1962 4450
1 2 1962 4478
1 2 1962 4483
1 2 1962 4502
1 2 1966 2351
1 2 1967 6175
1 2 1973 5239
2 2 1973 5314
2 2 1977 2870
2 2 1977 4403
2 2 1984 3615
1 2 1994 4521
1 2 2001 2840
1 2 2001 4239
1 2 2005 2390
1 2 2005 2446
1 2 2006 6037
1 2 2007 2475
2 2 2015 6308
2 2 2030 5650
1 2 2042 3216
1 2 2042 5149
1 2 2042 5172
1 2 2050 6619
1 2 2058 2946
1 2 2062 6672
1 2 2065 3665
1 2 2072 2220
1 2 2072 3462
1 2 2074 3379
1 2 2095 3707
1 2 2095 3768
1 2 2098 3863
2 2 2104 3926
2 2 2109 5443
2 2 2109 5507
2 2 2109 5529
1 2 2110 2366
1 2 2113 2351
1 2 2113 6782
1 2 2122 5383
1 2 2122 5422
1 2 2122 5447
1 2 2126 3892
1 2 2126 3903
1 2 2128 2841
1 2 2130 6345
1 2 2130 6420
1 2 2131 3272
1 2 2145 3521
2 2 2145 3524
1 2 2154 6169
1 2 2155 6240
1 2 2170 6680
1 2 2170 6753
1 2 2172 5268
2 2 2175 4853
2 2 2177 3510
1 2 2186 6439
1 2 2189 5399
1 2 2198 3481
1 2 2198 5611
1 2 2198 5672
1 2 2207 2273
1 2 2214 3562
2 2 2221 6522
1 2 2221 6544
1 2 2231 5737
1 2 2231 5776
1 2 2234 2268
1 2 2240 4025
1 2 2243 4313
2 2 2243 4328
1 2 2246 6412
1 2 2246 6536
1 2 2248 2894
1 2 2249 3048
1 2 2250 4086
1 2 2255 4112
1 2 2262 3992
1 2 2271 6407
1 2 2272 5228
1 2 2272 5292
1 2 2273 2605
1 2 2277 2501
1 2 2277 5021
2 2 2277 5076
1 2 2285 5886
1 2 2286 3004
1 2 2298 5626
1 2 2299 5837
1 2 2301 4360
1 2 2316 4138
1 2 2316 4176
1 2 2317 4623
1 2 2317 4644
2 2 2332 2712
1 2 2334 2369
1 2 2341 3312
1 2 2341 5262
1 2 2365 5490
1 2 2365 5519
1 2 2365 5536
1 2 2365 5569
1 2 2366 2682
1 2 2368 3558
1 2 2382 4529
1 2 2382 4551
1 2 2403 4907
1 2 2407 4267
1 2 2422 3372
1 2 2423 6616
1 2 2423 6654
1 2 2423 6655
1 2 2427 3301
1 2 2433 3418
1 2 2434 4835
1 2 2442 3443
1 2 2442 5617
1 2 2445 5147
2 2 2473 2848
1 2 2476 6405
1 2 2487 2616
1 2 2496 5832
1 2 2496 5879
1 2 2497 2597
1 2 2497 2810
1 2 2501 5076
2 2 2505 5437
1 2 2505 5469
2 2 2505 5493
1 2 2505 5528
1 2 2518 3771
1 2 2518 3772
1 2 2520 4211
2 2 2521 6052
1 2 2522 2893
1 2 2522 6651
2 2 2538 5477
2 2 2538 5518
1 2 2554 5589
1 2 2554 5627
1 2 2565 3678
1 2 2565 3699
1 2 2568 4499
1 2 2569 4469
2 2 2571 3042
1 2 2571 5293
1 2 2573 2813
1 2 2577 5324
1 2 2577 5356
1 2 2589 2691
1 2 2589 5619
1 2 2597 2810
1 2 2615 3376
1 2 2622 3301
1 2 2624 4988
2 2 2631 2730
1 2 2631 2847
1 2 2632 3373
1 2 2636 4126
1 2 2649 4180
1 2 2649 4240
1 2 2655 3030
2 2 2661 3064
2 2 2661 6460
2 2 2665 3889
2 2 2665 3895
1 2 2679 5149
1 2 2682 2723
2 2 2682 2898
1 2 2687 2793
1 2 2687 5497
1 2 2687 5507
1 2 2690 4197
1 2 2690 4230
1 2 2691 5619
2 2 2693 4590
2 2 2693 4615
1 2 2693 4629
1 2 2694 2929
1 2 2697 5751
1 2 2712 5255
1 2 2716 5027
2 2 2716 5035
1 2 2716 5057
1 2 2721 5848
1 2 2730 2847
1 2 2730 3792
1 2 2741 4980
1 2 2755 5409
1 2 2755 5472
1 2 2758 5590
1 2 2771 4194
1 2 2771 4205
1 2 2774 4592
1 2 2774 4622
1 2 2774 4628
1 2 2777 3107
2 2 2778 4692
1 2 2781 3404
1 2 2782 4311
1 2 2787 5859
1 2 2788 3017
1 2 2788 5096
1 2 2788 5124
1 2 2793 5507
1 2 2793 5529
1 2 2794 5480
1 2 2800 3274
1 2 2802 4357
1 2 2804 3768
1 2 2804 3818
1 2 2804 3821
1 2 2815 3061
1 2 2816 3326
1 2 2830 4627
1 2 2830 4628
1 2 2847 3792
1 2 2848 6106
1 2 2858 5601
1 2 2858 5615
1 2 2858 5641
1 2 2858 5657
1 2 2860 6384
2 2 2869 4966
2 2 2870 4342
1 2 2870 4359
2 2 2870 4403
1 2 2874 4795
1 2 2875 3017
1 2 2875 5067
1 2 2875 5083
1 2 2875 5086
1 2 2886 4647
1 2 2886 4668
1 2 2889 4670
1 2 2889 4694
1 2 2893 6651
1 2 2913 4675
1 2 2913 4698
1 2 2929 5053
2 2 2995 3603
1 2 2995 3668
1 2 3007 3195
1 2 3007 4315
1 2 3012 6696
1 2 3017 5086
1 2 3017 5096
1 2 3021 4528
1 2 3021 4553
1 2 3024 4131
1 2 3024 4171
1 2 3024 4225
1 2 3042 5239
1 2 3042 5293
1 2 3048 3181
1 2 3064 6310
1 2 3064 6351
2 2 3071 4494
1 2 3088 6025
1 2 3095 5116
1 2 3098 5814
1 2 3098 5849
1 2 3108 6512
1 2 3180 4468
1 2 3188 4174
1 2 3195 4315
1 2 3195 4336
1 2 3195 4340
1 2 3195 4351
1 2 3197 3510
1 2 3208 4437
1 2 3208 4459
1 2 3216 5149
1 2 3217 3759
1 2 3217 3809
1 2 3261 4964
1 2 3261 4998
1 2 3262 5519
1 2 3262 5569
1 2 3262 5598
1 2 3276 5071
1 2 3276 5113
1 2 3281 5470
1 2 3304 3501
2 2 3304 3899
1 2 3316 5718
2 2 3316 5745
1 2 3316 5778
1 2 3330 4668
2 2 3342 5937
1 2 3355 4544
1 2 3355 4562
1 2 3380 5820
1 2 3384 6748
1 2 3396 4678
1 2 3396 4683
1 2 3396 4705
1 2 3398 4935
1 2 3399 4044
1 2 3399 4079
1 2 3404 4998
1 2 3417 6169
1 2 3420 6121
1 2 3420 6195
1 2 3437 6280
1 2 3437 6343
1 2 3442 5536
2 2 3444 5625
2 2 3444 5703
1 2 3450 6669
1 2 3450 6744
1 2 3455 5216
1 2 3455 5251
1 2 3455 5255
1 2 3455 5291
1 2 3462 3731
1 2 3465 5399
1 2 3465 5450
1 2 3465 5473
1 2 3475 5945
1 2 3480 4082
1 2 3481 5611
1 2 3501 3899
1 2 3521 3524
1 2 3555 3562
1 2 3560 3566
1 2 3563 3568
1 2 3570 3578
1 2 3602 3607
1 2 3602 3619
1 2 3606 3609
1 2 3607 3619
1 2 3615 3618
1 2 3619 3631
1 2 3635 3649
1 2 3663 3665
1 2 3678 3699
1 2 3691 3711
1 2 3691 3716
1 2 3699 3711
1 2 3712 3717
1 2 3730 3740
1 2 3732 3752
1 2 3739 3762
1 2 3746 3776
1 2 3754 3781
1 2 3759 3765
1 2 3762 3771
1 2 3778 3802
1 2 3781 3792
1 2 3781 3807
1 2 3792 3807
1 2 3793 3831
1 2 3807 3816
1 2 3808 3830
1 2 3818 3821
1 2 3818 3835
2 2 3821 3841
1 2 3823 3867
1 2 3830 3841
1 2 3830 3858
1 2 3841 3858
1 2 3849 3871
1 2 3871 3894
1 2 3875 3891
1 2 3876 3891
1 2 3886 3911
1 2 3892 3899
1 2 3905 3924
1 2 3908 3911
1 2 3909 3924
1 2 3909 3936
1 2 3909 3954
1 2 3924 3954
1 2 3930 3950
1 2 3930 3952
2 2 3936 3954
2 2 3945 3967
2 2 3945 3977
1 2 3950 3978
1 2 3952 3972
2 2 3967 3977
1 2 3978 4008
1 2 3988 4017
1 2 4025 4036
1 2 4025 4063
1 2 4044 4056
1 2 4050 4054
1 2 4050 4074
1 2 4054 4074
1 2 4065 4069
1 2 4066 4096
1 2 4066 4103
1 2 4069 4087
1 2 4071 4101
1 2 4080 4104
1 2 4080 4105
1 2 4082 4106
1 2 4096 4103
1 2 4105 4133
1 2 4112 4153
1 2 4114 4154
1 2 4120 4133
1 2 4131 4171
1 2 4134 4174
1 2 4138 4176
1 2 4140 4146
1 2 4150 4186
1 2 4152 4175
1 2 4160 4196
1 2 4171 4225
1 2 4176 4205
1 2 4196 4214
1 2 4197 4230
1 2 4211 4252
2 2 4223 4267
1 2 4225 4261
1 2 4231 4240
1 2 4236 4248
1 2 4250 4279
1 2 4256 4278
2 2 4267 4292
1 2 4278 4302
1 2 4279 4296
1 2 4279 4311
1 2 4283 4302
1 2 4296 4311
1 2 4296 4316
1 2 4296 4323
2 2 4300 4309
1 2 4302 4330
1 2 4304 4316
1 2 4311 4323
1 2 4313 4328
1 2 4315 4336
1 2 4316 4323
1 2 4316 4349
1 2 4323 4349
2 2 4331 4364
1 2 4336 4351
1 2 4340 4351
1 2 4342 4359
2 2 4352 4400
1 2 4357 4382
2 2 4375 4402
1 2 4382 4407
2 2 4400 4425
1 2 4403 4437
2 2 4405 4444
2 2 4436 4459
2 2 4450 4478
1 2 4468 4491
1 2 4478 4482
1 2 4478 4502
2 2 4483 4494
1 2 4491 4515
1 2 4499 4500
1 2 4500 4515
2 2 4506 4521
1 2 4506 4522
1 2 4515 4531
2 2 4528 4553
1 2 4529 4550
2 2 4531 4574
2 2 4534 4560
3 2 4540 4571
2 2 4544 4562
2 2 4544 4581
2 2 4548 4569
1 2 4550 4578
1 2 4559 4582
2 2 4562 4581
2 2 4574 4588
1 2 4578 4594
1 2 4579 4597
2 2 4590 4615
1 2 4592 4608
1 2 4592 4622
1 2 4594 4611
1 2 4597 4621
1 2 4606 4634
1 2 4606 4643
1 2 4607 4615
1 2 4608 4622
1 2 4608 4639
1 2 4610 4625
1 2 4611 4640
1 2 4615 4629
1 2 4622 4628
1 2 4622 4639
1 2 4623 4644
1 2 4623 4647
2 2 4634 4643
1 2 4637 4656
1 2 4637 4660
1 2 4640 4641
3 2 4644 4647
2 2 4652 4669
1 2 4656 4660
1 2 4656 4666
2 2 4658 4677
1 2 4659 4683
1 2 4660 4684
2 2 4661 4670
2 2 4665 4693
1 2 4678 4683
1 2 4678 4705
1 2 4681 4703
2 2 4682 4700
1 2 4696 4708
1 2 4696 4717
1 2 4708 4717
1 2 4714 4730
1 2 4723 4735
1 2 4727 4740
1 2 4738 4741
1 2 4738 4753
1 2 4738 4754
1 2 4741 4754
1 2 4753 4754
1 2 4773 4785
1 2 4783 4784
1 2 4785 4799
1 2 4797 4806
1 2 4801 4816
1 2 4806 4821
1 2 4807 4816
1 2 4825 4830
1 2 4826 4830
1 2 4858 4869
2 2 4871 4882
1 2 4885 4899
1 2 4930 4931
1 2 4931 4954
1 2 4950 4964
1 2 4951 4969
1 2 4954 4967
1 2 4978 4990
1 2 4980 4993
1 2 4998 5018
1 2 5002 5021
1 2 5013 5027
1 2 5027 5057
1 2 5067 5083
1 2 5067 5098
1 2 5079 5103
1 2 5083 5086
1 2 5083 5098
1 2 5086 5096
1 2 5098 5118
1 2 5119 5132
1 2 5120 5132
1 2 5126 5142
1 2 5128 5147
1 2 5130 5143
1 2 5130 5157
1 2 5143 5157
1 2 5184 5196
1 2 5186 5209
1 2 5193 5195
1 2 5207 5228
1 2 5209 5250
1 2 5216 5251
1 2 5230 5231
3 2 5232 5274
1 2 5236 5261
1 2 5251 5291
1 2 5274 5326
1 2 5292 5330
1 2 5314 5378
1 2 5333 5356
1 2 5333 5374
1 2 5340 5359
1 2 5347 5385
1 2 5348 5383
1 2 5350 5388
2 2 5352 5372
2 2 5353 5354
1 2 5356 5374
1 2 5356 5403
1 2 5364 5381
1 2 5369 5377
1 2 5374 5403
1 2 5374 5417
1 2 5377 5412
1 2 5379 5380
1 2 5384 5385
1 2 5384 5418
1 2 5385 5415
1 2 5385 5418
1 2 5386 5416
1 2 5388 5429
1 2 5392 5393
2 2 5399 5450
1 2 5400 5430
1 2 5402 5426
1 2 5402 5437
1 2 5403 5417
1 2 5403 5433
1 2 5407 5457
1 2 5415 5418
1 2 5415 5435
1 2 5415 5440
1 2 5416 5441
1 2 5418 5440
1 2 5420 5448
1 2 5422 5447
1 2 5430 5463
1 2 5433 5476
1 2 5435 5440
2 2 5437 5493
1 2 5438 5457
2 2 5438 5458
2 2 5440 5482
1 2 5447 5475
1 2 5448 5469
1 2 5448 5470
1 2 5448 5506
1 2 5463 5490
1 2 5469 5506
2 2 5470 5506
2 2 5472 5514
1 2 5479 5492
1 2 5479 5520
1 2 5482 5523
1 2 5485 5493
1 2 5485 5527
1 2 5490 5519
1 2 5492 5520
2 2 5493 5527
1 2 5493 5528
1 2 5499 5546
2 2 5507 5529
2 2 5510 5532
1 2 5510 5545
1 2 5512 5532
1 2 5519 5569
1 2 5523 5536
1 2 5527 5528
1 2 5529 5544
2 2 5550 5585
2 2 5554 5602
1 2 5562 5590
1 2 5569 5598
1 2 5585 5597
1 2 5587 5595
1 2 5595 5617
1 2 5601 5641
3 2 5602 5633
1 2 5603 5630
1 2 5605 5606
1 2 5606 5614
1 2 5606 5645
1 2 5612 5642
2 2 5614 5645
1 2 5614 5666
1 2 5615 5640
1 2 5615 5657
4 2 5625 5634
1 2 5630 5651
1 2 5630 5674
3 2 5633 5662
1 2 5645 5666
1 2 5651 5674
1 2 5652 5684
3 2 5656 5686
1 2 5662 5701
1 2 5666 5693
1 2 5666 5694
3 2 5669 5705
1 2 5697 5718
1 2 5702 5703
1 2 5702 5726
1 2 5702 5736
1 2 5712 5742
1 2 5726 5736
3 2 5728 5731
1 2 5731 5750
2 2 5737 5766
2 2 5737 5776
1 2 5754 5797
2 2 5766 5776
1 2 5813 5839
1 2 5813 5845
1 2 5814 5849
1 2 5822 5831
1 2 5822 5841
1 2 5822 5859
1 2 5831 5859
1 2 5835 5882
1 2 5839 5845
1 2 5841 5859
1 2 5843 5873
1 2 5845 5852
1 2 5845 5875
1 2 5852 5875
1 2 5895 5930
1 2 5895 5944
1 2 5920 5927
1 2 5923 5968
1 2 5927 5972
2 2 5929 5942
1 2 5929 5975
1 2 5930 5944
1 2 5930 5970
2 2 5934 5941
1 2 5975 6015
1 2 6029 6083
1 2 6038 6078
1 2 6045 6087
1 2 6078 6124
1 2 6083 6092
1 2 6087 6108
1 2 6092 6165
1 2 6113 6161
1 2 6165 6202
1 2 6179 6216
1 2 6179 6229
1 2 6205 6225
1 2 6216 6229
1 2 6229 6278
1 2 6264 6292
1 2 6278 6319
1 2 6280 6323
1 2 6292 6341
1 2 6310 6351
1 2 6329 6368
1 2 6342 6363
1 2 6343 6386
1 2 6361 6412
1 2 6363 6413
1 2 6384 6389
1 2 6386 6433
1 2 6392 6439
1 2 6413 6456
1 2 6416 6492
1 2 6433 6469
1 2 6439 6513
1 2 6462 6522
1 2 6469 6505
1 2 6469 6531
1 2 6484 6526
1 2 6486 6494
1 2 6490 6498
1 2 6490 6544
1 2 6498 6499
1 2 6498 6537
1 2 6498 6544
1 2 6498 6566
1 2 6499 6537
1 2 6505 6531
1 2 6514 6535
1 2 6514 6554
1 2 6517 6573
1 2 6522 6536
1 2 6526 6556
1 2 6537 6566
1 2 6540 6562
1 2 6544 6566
1 2 6554 6609
1 2 6577 6613
1 2 6603 6641
1 2 6613 6664
1 2 6614 6661
1 2 6616 6655
1 2 6619 6668
1 2 6630 6673
1 2 6630 6679
1 2 6638 6654
1 2 6638 6682
1 2 6641 6675
1 2 6642 6681
1 2 6642 6687
1 2 6654 6655
1 2 6654 6682
1 2 6664 6692
1 2 6668 6684
1 2 6673 6679
1 2 6675 6693
1 2 6681 6687
1 2 6692 6743
1 2 6700 6740
1 2 6738 6746
1 2 6740 6754
