state = {
	id = 895
	name="DOT_STATE_895"
	manpower = 0
	state_category = wasteland

	history = {
	}

	provinces = {
		4850 4885 4902 4922 5098 5318 5365 5397 5407 5436 5458 5617 5660 5738 5840 5863 5940 6073 6077 6088 6264 6270 6273 6291 6334 6441 6459 6485 6491 6494 6525 6531 6536 6570 6584 6617 6626 6652 6682 6684 6720 6774 6775 6787 6797 6815 6952 6958 6987 7000 7006 7062 7114 7119 7210 7258 7261 7292 7295 7314 7440 7443 7499 7798 7804 7816 7832 7834 7838 7841 7846 7849 7851 7854 7855 7864 7869 7877 7879 7895 7897 7902 7916
	}
}
