==============================================================================
HOI4 标准骨架 rest 位置（tx 求逆后的平移列）
==============================================================================

--- PRC_infantry  (33 骨骼) ---
    i name                    parent                rest pos (x, y, z)
    0 Root                    None                  (     nan,      nan,      nan)
    1 Hip                     0                     (  1.3313,  -2.8603,  -3.8831)
    2 LeftUpLeg               1                     ( -1.7276,   2.1282,   5.3688)
    3 LeftLeg                 2                     ( -1.9119,  -0.6327,  -1.9532)
    4 LeftFoot                3                     ( -0.0028,   0.0937,   0.0091)
    5 LeftToeBase             4                     (  0.0002,   0.5967,   0.0061)
    6 back_mid                1                     ( -0.0000,   1.7807,  -0.0149)
    7 LeftShoulder            6                     (  0.0000,   1.0000,  -0.5931)
    8 LeftArm                 7                     (  0.4984,   0.3216,   0.1257)
    9 LeftForeArm             8                     ( -0.1371,   1.3124,   0.3305)
   10 LeftForeArmRoll         9                     ( -0.1265,   1.2759,   0.2556)
   11 LeftHand                10                    (  0.2594,   0.6892,   0.0306)
   12 Left_Hand_node          11                    (  0.0000,   1.2257,  -0.6596)
   13 Left_Hand_node_2        11                    (  0.0000,   1.2272,  -0.6464)
   14 Left_Hand_node_3        11                    (  0.0000,   1.2335,  -0.6643)
   15 Left_Hand_node_4        11                    (  0.0000,   1.2108,  -0.5997)
   16 head                    6                     ( -0.0000,   1.7106,  -0.0052)
   17 RightShoulder           6                     ( -0.0000,  -1.0000,   0.5801)
   18 RightArm                17                    (  0.1020,  -0.7136,  -0.4615)
   19 RightForeArm            18                    ( -0.0525,  -0.9991,  -0.2680)
   20 RightForeArmRoll        19                    ( -0.0707,  -0.9364,  -0.1392)
   21 RightHand               20                    (  0.1436,  -1.0706,  -0.3086)
   22 Right_Hand_node         21                    (  0.0000,  -0.1292,  -0.0004)
   23 Right_Hand_node_2       21                    (  0.0000,  -0.6896,   0.5093)
   24 Right_Hand_node_3       21                    (  0.0000,  -0.6704,   0.5161)
   25 Right_Hand_node_4       21                    (  0.0000,  -0.6468,   0.5244)
   26 mid_back_node           6                     ( -0.0000,   3.2142,  -0.2133)
   27 RightUpLeg              1                     (  0.1270,  -2.1025,  -6.9061)
   28 RightLeg                27                    ( -5.1340,   2.3554,   2.0143)
   29 RightFoot               28                    (  0.0058,   0.1089,  -0.0075)
   30 RightToeBase            29                    (  0.0088,   0.6050,  -0.0105)
   31 Root_node_1             0                     (     nan,      nan,      nan)
   32 Root_node_2             0                     (     nan,      nan,      nan)

--- Keqing  (33 骨骼) ---
    i name                    parent                rest pos (x, y, z)
    0 Root                    None                  (     nan,      nan,      nan)
    1 Hip                     0                     (  1.3313,  -2.8603,  -3.8831)
    2 LeftUpLeg               1                     ( -1.7275,   2.1282,   5.3689)
    3 LeftLeg                 2                     ( -1.9119,  -0.6327,  -1.9533)
    4 LeftFoot                3                     ( -0.0028,   0.0937,   0.0091)
    5 LeftToeBase             4                     (  0.0002,   0.5967,   0.0061)
    6 back_mid                1                     ( -0.0000,  -0.3532,  -0.0149)
    7 LeftShoulder            6                     (  0.0000,   1.0000,  -0.5931)
    8 LeftArm                 7                     (  0.4984,   0.3216,   0.1257)
    9 LeftForeArm             8                     ( -0.1371,   1.3124,   0.3305)
   10 LeftForeArmRoll         9                     ( -0.1265,   1.2759,   0.2556)
   11 LeftHand                10                    (  0.2594,   0.6892,   0.0306)
   12 Left_Hand_node          11                    (  0.0000,  11.3182,  -6.7272)
   13 Left_Hand_node_2        11                    ( -0.0000,  -5.0233,   3.1114)
   14 Left_Hand_node_3        11                    ( -0.0000,  -4.9725,   3.0980)
   15 Left_Hand_node_4        11                    ( -0.0000, -32.6901,  19.7813)
   16 head                    6                     ( -0.0000,   0.1979,  -0.0052)
   17 RightShoulder           6                     ( -0.0000,  -1.0000,   0.5801)
   18 RightArm                17                    (  0.1021,  -0.7136,  -0.4616)
   19 RightForeArm            18                    ( -0.0525,  -0.9991,  -0.2679)
   20 RightForeArmRoll        19                    ( -0.0707,  -0.9364,  -0.1391)
   21 RightHand               20                    (  0.1436,  -1.0706,  -0.3086)
   22 Right_Hand_node         21                    ( -0.0000,   0.0504,   0.1076)
   23 Right_Hand_node_2       21                    ( -0.0000,   0.2609,  -0.0621)
   24 Right_Hand_node_3       21                    ( -0.0000,   1.4724,  -0.7722)
   25 Right_Hand_node_4       21                    (  0.0000,  -9.7547,   6.0000)
   26 mid_back_node           6                     ( -0.0000,  -0.1067,  -0.2133)
   27 RightUpLeg              1                     (  0.1270,  -2.1024,  -6.9054)
   28 RightLeg                27                    ( -5.1337,   2.3553,   2.0142)
   29 RightFoot               28                    (  0.0058,   0.1089,  -0.0075)
   30 RightToeBase            29                    (  0.0088,   0.6050,  -0.0105)
   31 Root_node_1             0                     (     nan,      nan,      nan)
   32 Root_node_2             0                     (     nan,      nan,      nan)

==============================================================================
两套骨架位置差异（应为同规格）
==============================================================================
  LeftUpLeg                PRC_infantry=[-1.7276  2.1282  5.3688]  Keqing=[-1.7275  2.1282  5.3689]  Δ=0.00014
  back_mid                 PRC_infantry=[-0.      1.7807 -0.0149]  Keqing=[-0.     -0.3532 -0.0149]  Δ=2.13384
  Left_Hand_node           PRC_infantry=[ 0.      1.2257 -0.6596]  Keqing=[ 0.     11.3182 -6.7272]  Δ=10.09251
  Left_Hand_node_2         PRC_infantry=[ 0.      1.2272 -0.6464]  Keqing=[-0.     -5.0233  3.1114]  Δ=6.25049
  Left_Hand_node_3         PRC_infantry=[ 0.      1.2335 -0.6643]  Keqing=[-0.     -4.9725  3.098 ]  Δ=6.20608
  Left_Hand_node_4         PRC_infantry=[ 0.      1.2108 -0.5997]  Keqing=[ -0.     -32.6901  19.7813]  Δ=33.90095
  head                     PRC_infantry=[-0.      1.7106 -0.0052]  Keqing=[-0.      0.1979 -0.0052]  Δ=1.51263
  Right_Hand_node          PRC_infantry=[ 0.     -0.1292 -0.0004]  Keqing=[-0.      0.0504  0.1076]  Δ=0.17960
  Right_Hand_node_2        PRC_infantry=[ 0.     -0.6896  0.5093]  Keqing=[-0.      0.2609 -0.0621]  Δ=0.95048
  Right_Hand_node_3        PRC_infantry=[ 0.     -0.6704  0.5161]  Keqing=[-0.      1.4724 -0.7722]  Δ=2.14281
  Right_Hand_node_4        PRC_infantry=[ 0.     -0.6468  0.5244]  Keqing=[ 0.     -9.7547  6.    ]  Δ=9.10784
  mid_back_node            PRC_infantry=[-0.      3.2142 -0.2133]  Keqing=[-0.     -0.1067 -0.2133]  Δ=3.32082
  RightUpLeg               PRC_infantry=[ 0.127  -2.1025 -6.9061]  Keqing=[ 0.127  -2.1024 -6.9054]  Δ=0.00073
  RightLeg                 PRC_infantry=[-5.134   2.3554  2.0143]  Keqing=[-5.1337  2.3553  2.0142]  Δ=0.00029
  逐骨骼最大分量差 = 33.900947  -> 不一致