==============================================================================
HOI4 标准骨架 rest 位置（tx 求逆后的平移列）
==============================================================================

--- PRC_infantry  (33 骨骼) ---
    i name                    parent                rest pos (x, y, z)
    0 Root                    None                  (  0.0000,   0.0000,   0.0000)
    1 Hip                     0                     (  0.0000,   3.9842,   0.0874)
    2 LeftUpLeg               1                     (  0.4364,   3.4557,   0.0881)
    3 LeftLeg                 2                     (  0.6674,   2.0382,   0.1234)
    4 LeftFoot                3                     (  0.8813,   0.4592,   0.4211)
    5 LeftToeBase             4                     (  1.1356,   0.0571,   0.0075)
    6 back_mid                1                     (  0.0000,   4.5314,   0.0675)
    7 LeftShoulder            6                     (  0.3192,   5.8114,   0.0327)
    8 LeftArm                 7                     (  0.7141,   5.8690,   0.1240)
    9 LeftForeArm             8                     (  1.6297,   5.1430,   0.1928)
   10 LeftForeArmRoll         9                     (  2.0082,   4.8882,   0.0460)
   11 LeftHand                10                    (  2.3635,   4.6490,  -0.0918)
   12 Left_Hand_node          11                    (2584470488979081634250752.0000, 4298911961488697950470144.0000, -332171808068373030371328.0000)
   13 Left_Hand_node_2        11                    (  2.5845,   4.2989,  -0.3931)
   14 Left_Hand_node_3        11                    (  2.5845,   4.2989,  -0.3322)
   15 Left_Hand_node_4        11                    (  2.5845,   4.2989,  -0.5512)
   16 head                    6                     (  0.0000,   6.5045,   0.0337)
   17 RightShoulder           6                     ( -0.3192,   5.8114,   0.0327)
   18 RightArm                17                    ( -0.7141,   5.8690,   0.1240)
   19 RightForeArm            18                    ( -1.6297,   5.1430,   0.1928)
   20 RightForeArmRoll        19                    ( -2.0081,   4.8882,   0.0460)
   21 RightHand               20                    ( -2.3635,   4.6490,  -0.0918)
   22 Right_Hand_node         21                    ( -2.5845,   4.2989,  -0.3321)
   23 Right_Hand_node_2       21                    ( -2.5845,   4.2989,  -0.4073)
   24 Right_Hand_node_3       21                    ( -2.5845,   4.2989,  -0.4858)
   25 Right_Hand_node_4       21                    ( -2.5845,   4.2989,  -0.5828)
   26 mid_back_node           6                     (  0.0000,   4.5799,   0.9770)
   27 RightUpLeg              1                     ( -0.4364,   3.4557,   0.0881)
   28 RightLeg                27                    ( -0.6674,   2.0382,   0.1234)
   29 RightFoot               28                    ( -0.8813,   0.4592,   0.4211)
   30 RightToeBase            29                    ( -1.1356,   0.0571,   0.0075)
   31 Root_node_1             0                     (  0.0000,   0.0000,   0.0000)
   32 Root_node_2             0                     (  0.0000,   0.0000,   0.0000)

--- Keqing  (33 骨骼) ---
    i name                    parent                rest pos (x, y, z)
    0 Root                    None                  (  0.0000,   0.0000,   0.0000)
    1 Hip                     0                     ( -0.0000,   3.9842,   0.0874)
    2 LeftUpLeg               1                     (  0.4364,   3.4557,   0.0881)
    3 LeftLeg                 2                     (  0.6674,   2.0382,   0.1234)
    4 LeftFoot                3                     (  0.8813,   0.4592,   0.4211)
    5 LeftToeBase             4                     (  1.1356,   0.0571,   0.0075)
    6 back_mid                1                     (  0.0000,   4.5314,   0.0675)
    7 LeftShoulder            6                     (  0.3192,   5.8114,   0.0327)
    8 LeftArm                 7                     (  0.7141,   5.8690,   0.1240)
    9 LeftForeArm             8                     (  1.6297,   5.1430,   0.1928)
   10 LeftForeArmRoll         9                     (  2.0082,   4.8882,   0.0460)
   11 LeftHand                10                    (  2.3635,   4.6490,  -0.0918)
   12 Left_Hand_node          11                    (  2.5845,   4.2989,  -0.3322)
   13 Left_Hand_node_2        11                    (  2.5845,   4.2989,  -0.3931)
   14 Left_Hand_node_3        11                    (  2.5845,   4.2989,  -0.4668)
   15 Left_Hand_node_4        11                    (  2.5845,   4.2989,  -0.5512)
   16 head                    6                     (  0.0000,   6.5045,   0.0337)
   17 RightShoulder           6                     ( -0.3192,   5.8114,   0.0327)
   18 RightArm                17                    ( -0.7141,   5.8690,   0.1240)
   19 RightForeArm            18                    ( -1.6297,   5.1430,   0.1928)
   20 RightForeArmRoll        19                    ( -2.0081,   4.8882,   0.0460)
   21 RightHand               20                    ( -2.3635,   4.6490,  -0.0918)
   22 Right_Hand_node         21                    ( -2.5845,   4.2989,  -0.3321)
   23 Right_Hand_node_2       21                    ( -2.5845,   4.2989,  -0.4073)
   24 Right_Hand_node_3       21                    ( -2.5845,   4.2989,  -0.4858)
   25 Right_Hand_node_4       21                    ( -2.5845,   4.2989,  -0.5828)
   26 mid_back_node           6                     (  0.0000,   4.5799,   0.9770)
   27 RightUpLeg              1                     ( -0.4364,   3.4557,   0.0881)
   28 RightLeg                27                    ( -0.6674,   2.0382,   0.1234)
   29 RightFoot               28                    ( -0.8813,   0.4592,   0.4211)
   30 RightToeBase            29                    ( -1.1356,   0.0571,   0.0075)
   31 Root_node_1             0                     (  0.0000,   0.0000,   0.0000)
   32 Root_node_2             0                     (  0.0000,   0.0000,   0.0000)

==============================================================================
两套骨架位置差异（应为同规格）
==============================================================================
  Left_Hand_node           PRC_infantry=[ 2.58447049e+24  4.29891196e+24 -3.32171808e+23]  Keqing=[ 2.5845  4.2989 -0.3322]  Δ=4298911961488697950470144.00000
  Left_Hand_node_3         PRC_infantry=[ 2.5845  4.2989 -0.3322]  Keqing=[ 2.5845  4.2989 -0.4668]  Δ=0.13461
  逐骨骼最大分量差 = 4298911961488697950470144.000000  -> 不一致