state = {
	id = 882
	name="DOT_STATE_882"
	manpower = 0
	state_category = wasteland

	history = {
	}

	provinces = {
		4753 4962 4994 5006 5328 5382 5390 5418 5486 5500 5514 5538 5573 5688 5820 5843 5851 5929 5930 5935 6082 6093 6105 6151 6158 6170 6204 6258 6284 6293 6331 6421 6424 6440 6449 6500 6558 6561 6605 6630 6680 6685 6701 6736 6810 6814 6829 6834 6845 6945 7010 7102 7154 7196 7202 7227 7301 7304 7305 7316 7346 7351 7432 7459 7468 7484 7694 7697 7700 7714 7723 7751 7754 7761 7762 7767 7778 7780 7784 7787
	}
}
