state = {
	id = 884
	name="DOT_STATE_884"
	manpower = 0
	state_category = wasteland

	history = {
	}

	provinces = {
		4768 4779 4812 5405 5434 5633 5653 5714 5719 5759 5800 5937 6109 6120 6128 6145 6152 6156 6198 6200 6261 6279 6282 6292 6315 6447 6502 6510 6518 6546 6551 6633 6635 6645 6677 6688 6722 6789 6881 6886 6887 6924 6937 7011 7070 7104 7116 7163 7199 7205 7293 7296 7303 7312 7401 7446 7454 7490 7491 7677 7685 7689 7699 7702 7703 7704 7708 7713 7715 7716 7721 7724 7732 7733 7738 7743 7747 7755 7776 7777 7783 7790
	}
}
