state = {
	id = 873
	name="DOT_STATE_873"
	manpower = 0
	state_category = wasteland

	history = {
	}

	provinces = {
		4729 4790 4800 4821 4831 4900 4909 4974 5048 5060 5080 5138 5150 5173 5194 5379 5380 5401 5422 5427 5440 5552 5559 5642 5698 5710 5726 5754 5835 5892 5906 5998 6004 6037 6113 6146 6157 6197 6236 6248 6257 6278 6328 6330 6398 6410 6430 6432 6453 6581 6665 6696 6803 6807 6808 6840 6934 6951 7032 7054 7068 7096 7169 7257 7269 7309 7319 7348 7396 7439 7485 7511 7518 7520 7582 7593 7600 7614 7615 7621 7624 7637 7646
	}
}
