state = {
	id = 859
	name="DOT_STATE_859"
	manpower = 0
	state_category = wasteland

	history = {
	}

	provinces = {
		4699 4705 4707 4708 4709 4711 4714 4717 4719 4720 4721 4722 4724 4725 4726 4727 4730 4733 4736 4739 4740 4741 4743 4746 4750 4751 4752 4755 4758 4759 4760 4761 4765 4766 4767 4770 4771 4772 4773 4775 4776 4778 4780 4783 4784 4787 4788 4789 4793 4796 4797 4798 4799 4802 4803 4804 4805 4806 4807 4808 4814 4815 4816 4820 4822 4825 4827 4828 4830 4833 4834 4836 4837 4841 4842 4844 4848 4849 4851 4852 4853 4855 4856 4860 4864 4867 4869 4870 4871 4873 4874 4875 4876 4877 4878 4883 4887 4888 4889 4890 4891 4892 4893 4897 4899 4906 4913 4919 4927 4929 4930 4935 4937 4938 4939 4941 4942 4943 4944 4946 4950 4951 4953 4956 4961 4963 4966 4967 4968 4970 4972 4973 4975 4977 4978 4981 4982 4986 4988 4989 4990 4993 4995 4996 4997 5001 5004 5008 5009 5011 5012 5013 5014 5015 5017 5018 5020 5023 5025 5026 5027 5031 5032 5033 5036 5038 5040 5043 5046 5047 5049 5050 5051 5052 5055 5056 5058 5059 5064 5073 5074 5075 5079 5081 5082 5084 5086 5087 5088 5090 5091 5092 5093 5094 5096 5097 5099 5100 5101 5102 5104 5106 5109 5111 5112 5113 5114 5115 5120 5122 5124 5125 5126 5127 5130 5131 5137 5141 5144 5146 5147 5149 5152 5156 5159 5160 5163 5164 5165 5167 5169 5171 5174 5176 5179 5181 5182 5183 5185 5186 5187 5189 5190 5193 5197 5201 5203 5204 5207 5208 5212 5214 5218 5219 5222 5228 5231 5232 5233 5235 5236 5240 5242 5244 5245 5246 5249 5252 5253 5256 5257 5259 5260 5263 5264 5266 5269 5271 5272 5273 5275 5278 5279 5280 5281 5282 5283 5289 5290 5299 5302 5305 5306 5307 5313 5315 5320 5321 5325 5326 5327 5329 5330 5333 5336 5339 5340 5341 5348 5349 5350 5352 5353 5354 5355 5356 5360 5363 5364 5366 5373 5374 5377 5378 5387 5389 5392 5393 5402 5403 5409 5412 5413 5414 5416 5417 5420 5421 5424 5429 5435 5441 5442 5443 5444 5445 5446 5452 5455 5460 5462 5473 5474 5477 5479 5481 5483 5485 5490 5491 5492 5497 5498 5502 5503 5506 5508 5509 5513 5515 5519 5522 5523 5524 5525 5527 5528 5530 5535 5536 5537 5539 5545 5546 5547 5548 5553 5556 5557 5558 5560 5563 5566 5567 5569 5570 5575 5577 5581 5583 5585 5587 5589 5591 5597 5599 5601 5602 5603 5604 5605 5606 5609 5611 5615 5620 5622 5624 5625 5629 5632 5636 5643 5646 5648 5649 5651 5654 5655 5657 5658 5665 5667 5672 5674 5678 5679 5680 5694 5695 5699 5700 5704 5711 5712 5717 5721 5724 5733 5743 5744 5745 5746 5749 5750 5752 5756 5757 5758 5761 5762 5763 5764 5770 5772 5773 5774 5778 5781 5783 5790 5796 5797 5804 5806 5815 5822 5826 5833 5836 5838 5846 5849 5854 5857 5858 5859 5871 5872 5875 5878 5883 5885 5889 5891 5893 5894 5899 5900 5901 5902 5903 5912 5913 5915 5916 5919 5921 5928 5932 5946 5951 5957 5958 5959 5962 5967 5969 5972 5975 5978 5981 5982 5983 5987 5988 6001 6008 6010 6011 6015 6018 6030 6033 6034 6043 6049 6051 6057 6058 6062 6063 6065 6080 6084 6086 6087 6091 6095 6101 6103 6104 6115 6117 6121 6124 6126 6132 6135 6138 6141 6143 6150 6153 6169 6173 6180 6185 6187 6196 6199 6202 6208 6218 6220 6221 6227 6228 6238 6239 6240 6242 6245 6246 6249 6253 6254 6255 6256 6265 6274 6275 6277 6290 6297 6310 6311 6313 6314 6325 6326 6327 6329 6337 6339 6342 6356 6369 6371 6373 6380 6396 6400 6402 6403 6404 6405 6407 6412 6416 6422 6423 6426 6438 6450 6457 6468 6472 6473 6476 6478 6488 6495 6501 6506 6507 6508 6511 6519 6532 6550 6555 6559 6560 6562 6573 6583 6585 6601 6604 6608 6609 6612 6615 6619 6625 6627 6629 6631 6636 6643 6646 6647 6653 6654 6690 6697 6700 6702 6704 6707 6714 6719 6724 6725 6731 6732 6735 6744 6745 6761 6762 6767 6768 6770 6783 6785 6793 6804 6812 6813 6851 6855 6856 6860 6868 6878 6885 6893 6895 6909 6911 6913 6915 6928 6933 6936 6939 6942 6943 6948 6959 6964 6973 7007 7015 7021 7029 7040 7045 7047 7052 7066 7076 7079 7095 7106 7107 7120 7126 7140 7143 7153 7165 7181 7189 7194 7195 7198 7203 7213 7225 7230 7237 7241 7244 7246 7263 7282 7283 7286 7299 7300 7307 7320 7336 7338 7339 7345 7347 7350 7361 7369 7371 7373 7374 7378 7391 7392 7418 7419 7425 7438 7442 7470 7472 7477 7478 7482 7493 7501 7504 7505 7506 7508 7523 7524 7525 7526 7527 7528 7529 7534 7546 7549 7551 7562 7567 7572 7576 7584 7585 7598 7599 7629 7634 7642 7656 7661 7668 7679 7680 7682 7719 7731 7745 7759 7764 7766 7791 7802 7806 7812 7823 7831 7871 7880 7883 7885 7894 7963 7994 8002 8008 8009 8010 8013 8014 8015 8016 8017 8018 8019 8020 8021
	}
}
