state = {
	id = 891
	name="DOT_STATE_891"
	manpower = 0
	state_category = wasteland

	history = {
	}

	provinces = {
		4838 4920 4991 5005 5034 5054 5067 5128 5136 5383 5396 5406 5451 5475 5482 5504 5593 5614 5637 5666 5677 5709 5727 5751 5771 5779 5813 5867 5905 5909 5911 5955 5977 5989 6053 6054 6130 6210 6223 6348 6387 6484 6524 6806 6835 6874 6899 6938 6990 7016 7034 7055 7088 7124 7201 7231 7273 7372 7381 7395 7471 7860 7867 7868 7870 7876 7878 7884 7900 7905 7912 7914 7917 7925 7936 7942 7950
	}
}
