state = {
	id = 714
	name="DOT_STATE_714"
	manpower = 0
	state_category = wasteland

	history = {
	}

	provinces = {
		4791 4916 4965 5175 5216 5248 5292 5385 5419 5428 5565 5682 5692 5785 5793 5795 5870 5877 5896 5954 5968 6023 6052 6068 6090 6096 6131 6213 6295 6318 6321 6323 6347 6355 6368 6466 6512 6517 6527 6541 6565 6610 6616 6623 6648 6649 6651 6691 6760 6763 6765 6776 6786 6805 6816 6846 6854 6877 6894 6900 6902 6906 6907 6908 6917 6918 6925 6929 6931 6947 6965 6994 6995 7005 7035 7041 7057 7059 7135 7137 7146 7221 7236 7266 7298 7334 7340 7359 7375 7383 7389 7414 7423 7451 7486 7717 7725 7728 7730 7734 7737 7741 7742 7744 7748 7749 7752 7753 7756 7758 7763 7768 7770 7772 7773 7774 7775 7792 7794 7799 7807 7808 7813 7820 7821 7826 7827 7835
	}
}
