state = {
	id = 851
	name="DOT_STATE_851"
	manpower = 0
	state_category = wasteland

	history = {
	}

	provinces = {
		5148 5270 5323 5342 5468 5544 5555 5578 5650 5669 5850 5862 5960 5961 5980 5996 6014 6050 6060 6116 6140 6206 6224 6272 6303 6309 6448 6464 6526 6528 6538 6600 6622 6661 6716 6746 6749 6796 6826 6850 6857 6873 6876 6889 6891 6940 6946 6949 6954 6967 6969 6989 7027 7053 7078 7121 7125 7171 7185 7211 7249 7276 7310 7311 7315 7324 7327 7388 7403 7435 7458 7782 7796 7797 7801 7805 7817 7818 7828 7829 7844 7848 7850 7856 7857 7859 7863
	}
}
