state = {
	id = 865
	name="DOT_STATE_865"
	manpower = 0
	state_category = wasteland

	history = {
	}

	provinces = {
		4706 4811 4882 4926 4992 5268 5276 5294 5309 5399 5426 5478 5484 5618 5741 5882 5922 5944 5999 6017 6019 6040 6042 6160 6191 6192 6296 6317 6340 6383 6428 6445 6469 6479 6493 6529 6556 6582 6593 6650 6674 6712 6798 6817 6831 6863 6866 6920 6972 6982 6984 7033 7036 7061 7063 7081 7118 7128 7130 7215 7242 7243 7290 7492 7512 7616 7628 7635 7641 7643 7648 7649 7652 7658 7659 7662 7663 7666 7678 7709 7712
	}
}
