state = {
	id = 867
	name="DOT_STATE_867"
	manpower = 0
	state_category = wasteland

	history = {
	}

	provinces = {
		4712 4723 4881 5010 5063 5068 5077 5095 5135 5140 5206 5217 5220 5293 5301 5311 5317 5391 5461 5541 5568 5641 5687 5735 5824 5842 5918 5952 5971 5986 5997 6022 6031 6036 6038 6041 6046 6055 6067 6076 6129 6163 6175 6177 6182 6195 6211 6212 6233 6250 6262 6266 6267 6285 6301 6336 6354 6360 6388 6394 6439 6451 6454 6467 6489 6499 6521 6522 6530 6548 6572 6574 6598 6618 6683 6709 6734 6741 6753 6773 6811 6859 6875 6898 6916 6923 6961 6962 6966 6996 6999 7001 7044 7049 7091 7110 7117 7123 7139 7150 7207 7268 7271 7274 7288 7313 7376 7387 7399 7413 7431 7441 7448 7467 7479 7588 7589 7591 7592 7594 7596 7601 7604 7605 7606 7608 7611 7612 7613 7617 7619 7633 7636 7639 7645 7647 7650 7655 7657 7687 7688 7695 7696 7707 7711
	}
}
