state = {
	id = 870
	name="DOT_STATE_870"
	manpower = 0
	state_category = wasteland

	history = {
	}

	provinces = {
		4718 4932 4998 5022 5072 5154 5184 5192 5361 5493 5576 5663 5706 5794 5823 5830 5910 5943 6028 6039 6127 6172 6300 6338 6349 6455 6486 6523 6540 6542 6597 6632 6655 6670 6757 6828 6833 6842 6884 6890 6914 6930 6970 6974 7002 7100 7103 7132 7145 7173 7191 7206 7212 7222 7251 7342 7357 7400 7407 7409 7412 7436 7675 7691 7698 7705 7710 7718 7720 7729 7735 7739 7740 7769 7785 7789 7795
	}
}
