terrain.bmp 调色板 23 项: [(89, 199, 85), (89, 199, 85), (0, 0, 0), (255, 63, 0), (0, 0, 0), (0, 0, 0), (27, 27, 27), (0, 0, 0), (0, 0, 0), (108, 198, 0), (0, 0, 0), (124, 135, 125), (0, 0, 0), (128, 128, 128), (0, 255, 255), (0, 0, 255), (0, 0, 0), (248, 255, 153), (0, 0, 0), (0, 0, 0)]

== 16 个胜利点省份（正确映射 col=x, row=z）==
     州      省  VP |        x        z |    h   地形索引              地形色 | buildings
   381   1582   1 | 2431.497 1100.478 |   97      0    (89, 199, 85) | 无
   381   2394   1 | 2440.582 1106.664 |   96      0    (89, 199, 85) | 无
   410    468   1 | 2342.261 1017.783 |  100      0    (89, 199, 85) | 有
   410    766   1 | 2341.547 1000.347 |  118      0    (89, 199, 85) | 有
   416    911   1 | 2455.718 1002.051 |   96      0    (89, 199, 85) | 无
   416    918   1 | 2452.542  984.385 |   97      0    (89, 199, 85) | 无
   438    491   1 | 2222.559  948.739 |  112     11  (124, 135, 125) | 有
   438   2118   1 | 2224.655  960.908 |   97      0    (89, 199, 85) | 无
   452     40   1 | 2379.438  959.675 |  100      0    (89, 199, 85) | 有
   452    163   1 | 2351.784  952.159 |   96      0    (89, 199, 85) | 有
   468    428   1 | 2350.992  910.346 |  111      0    (89, 199, 85) | 有
   468    982   1 | 2370.888  907.296 |   97      0    (89, 199, 85) | 无
   536    535   1 | 2355.261  797.170 |  100      0    (89, 199, 85) | 有
   536    640   1 | 2351.708  813.179 |   97      0    (89, 199, 85) | 有
   565      4   1 | 2521.633  800.213 |   97     11  (124, 135, 125) | 有
   565   3743   1 | 2512.753  789.708 |   97     11  (124, 135, 125) | 无

== 判定统计 ==
  总胜利点省数 = 16
  高程 >=96 (陆地) = 16
  高程 <=92 (海面) = 0
  buildings.txt 无记录 = 7

== 对照：全图 400 随机省的 buildings 覆盖率 ==
  400 省中有 buildings 记录的 = 400 (100.0%)
