state = {
	id = 483
	name="STATE_876" # name="STATE_876"
	manpower = 0
	state_category = town

	history = {
		buildings = {
			infrastructure = 2
			arms_factory = 1
			industrial_complex = 2
			dockyard = 1
			air_base = 1
		}
			}

	provinces = {
		4734 4865 4917 5029 5042 5142 5199 5314 5362 5518 5608 5689 5691 5703 5725 5729 5734 5784 5860 5931 6027 6029 6048 6071 6100 6162 6186 6219 6263 6344 6357 6408 6436 6462 6503 6505 6520 6544 6563 6620 6628 6642 6662 6687 6705 6747 6756 6766 6821 6950 6985 7003 7042 7058 7060 7065 7085 7094 7138 7164 7180 7190 7262 7302 7328 7354 7367 7402 7410 7450 7474 7618 7620 7623 7625 7626 7627 7631 7632 7638 7640 7644 7651 7660 7664 7669 7670 7671 7673 7681 7690 7693 7722 7750 7757
	}
}
