state = {
	id = 896
	name="DOT_STATE_896"
	manpower = 0
	state_category = wasteland

	history = {
	}

	provinces = {
		4872 5221 5227 5258 5284 5456 5459 5626 5685 5739 5748 5766 5768 5801 5812 5904 6007 6183 6305 6319 6341 6386 6389 6401 6458 6481 6533 6553 6594 6751 6752 6779 6782 6790 6848 6869 6879 6883 6892 6904 6921 6927 6998 7009 7072 7086 7092 7108 7158 7168 7170 7187 7208 7209 7291 7329 7331 7344 7356 7366 7430 7473 7496 7922 7923 7935 7937 7940 7949 7957 7959 7965 7968 7974 7980 7982 7984 7989 7990
	}
}
