从 .mesh 精确切出的各材质图集 UV 范围（图集 2048x2048）
============================================================================================
材质        三角     u_min     u_max     v_min     v_max        越界 采样RGB均值
颜       1942    0.0069    0.2509    0.0457    0.2155         0 (251, 234, 227)
颜2      1032    0.0240    0.2338    0.0457    0.1744         0 (252, 235, 228)
睫       1116    0.0051    0.1225    0.0053    0.0761         0 (69, 85, 93)
眉         52    0.1787    0.2367    0.0096    0.0199         0 (123, 74, 59)
白目       148    0.2871    0.2958    0.3066    0.3111         0 (0, 0, 0)
目        192    0.3970    0.6356    0.1260    0.4387         0 (78, 88, 86)
瞳        192    0.6548    0.8934    0.1260    0.4387         0 (53, 53, 53)
目光       200    0.0058    0.2520    0.2637    0.5098         0 (255, 255, 255)
鼻线        35    0.2264    0.2366    0.2520    0.2522         0 (182, 126, 116)
口舌       524    0.2003    0.2479    0.2269    0.2524         0 (189, 112, 99)
齿        144    0.1737    0.1935    0.2285    0.2497         0 (255, 255, 255)
星目        28    0.1139    0.1213    0.4314    0.4413         0 (255, 255, 255)
