骨骼总数 550
idx   name                         parent pos                    顶点数      flag
0     全ての親                         -1     (  0.000,  0.000, -0.460) 0        0x001e
1     操作中心                         -1     (  0.000,  0.000, -0.460) 0        0x001f
2     センター                         0      (  0.000, 10.156, -0.460) 0        0x001e
3     グルーブ                         2      (  0.000, 10.336, -0.460) 0        0x001e
4     腰                            3      (  0.000, 12.603, -0.030) 0        0x001a
5     下半身                          4      (  0.000, 12.287, -0.691) 4714     0x001a
6     上半身                          4      (  0.000, 12.322, -0.691) 0        0x001b
7     上半身1                         6      (  0.000, 12.989, -0.774) 3463     0x001b
8     上半身2                         7      (  0.000, 13.818, -0.669) 5449     0x001b
9     首                            8      (  0.000, 15.933, -0.005) 1705     0x001b
10    頭                            9      (  0.000, 16.878, -0.141) 19410    0x001a
11    両目                           10     (  0.000, 20.760, -0.176) 0        0x001b
12    両目先                          11     ( -0.000, 20.759, -0.897) 0        0x0013
13    左目                           10     (  0.410, 17.550, -0.745) 0        0x011a
14    左目先                          13     (  0.522, 17.552, -1.145) 275      0x0017
15    右目                           10     ( -0.410, 17.550, -0.745) 0        0x011a
16    右目先                          15     ( -0.522, 17.552, -1.145) 275      0x0017
17    腰キャンセル左                      5      (  0.951, 11.220, -0.481) 0        0x0113
18    左足                           17     (  0.951, 11.220, -0.481) 0        0x001b
19    左ひざ                          18     (  0.642,  6.291, -0.291) 0        0x001b
20    左足首                          19     (  0.309,  1.148,  0.138) 0        0x001b
21    左つま先                         20     (  0.562,  0.376, -1.308) 0        0x0013
22    腰キャンセル右                      5      ( -0.951, 11.220, -0.481) 0        0x0113
23    右足                           22     ( -0.951, 11.220, -0.481) 0        0x001b
24    右ひざ                          23     ( -0.642,  6.291, -0.291) 0        0x001b
25    右足首                          24     ( -0.309,  1.148,  0.138) 0        0x001b
26    右つま先                         25     ( -0.562,  0.376, -1.308) 0        0x0013
27    右肩P                          8      ( -0.150, 15.788,  0.028) 0        0x001a
28    右肩                           27     ( -0.150, 15.788,  0.028) 1100     0x081b
29    右肩C                          28     ( -1.129, 15.424,  0.078) 0        0x0112
30    右腕                           29     ( -1.129, 15.424,  0.078) 444      0x081b
31    右腕捩                          30     ( -2.397, 14.525,  0.105) 110      0x041a
32    右腕捩1                         30     ( -1.728, 14.999,  0.091) 427      0x0112
33    右腕捩2                         30     ( -2.177, 14.681,  0.100) 224      0x0112
34    右腕捩3                         30     ( -2.625, 14.364,  0.110) 103      0x0112
35    右ひじ                          31     ( -3.243, 13.926,  0.132) 2424     0x081a
36    右手捩                          35     ( -4.281, 13.191,  0.074) 253      0x041b
37    右手首                          36     ( -5.319, 12.455,  0.016) 640      0x081a
38    右ダミー                         37     ( -5.542, 12.002,  0.016) 0        0x001e
39    右親指０                         37     ( -5.509, 12.165, -0.260) 174      0x081a
40    右親指１                         39     ( -5.629, 11.949, -0.461) 102      0x081a
41    右親指２                         40     ( -5.761, 11.758, -0.565) 104      0x081a
42    右親指先                         41     ( -5.898, 11.559, -0.687) 0        0x0013
43    右人指１                         37     ( -6.046, 11.948, -0.212) 170      0x081a
44    右人指２                         43     ( -6.307, 11.779, -0.196) 118      0x081a
45    右人指３                         44     ( -6.521, 11.653, -0.182) 104      0x081a
46    右人指先                         45     ( -6.719, 11.564, -0.167) 0        0x0013
47    右中指１                         37     ( -6.045, 11.963,  0.014) 180      0x081a
48    右中指２                         47     ( -6.359, 11.794,  0.005) 118      0x081a
49    右中指３                         48     ( -6.610, 11.635, -0.003) 104      0x081a
50    右中指先                         49     ( -6.845, 11.517, -0.009) 0        0x0013
51    右薬指１                         37     ( -6.003, 11.954,  0.222) 184      0x081a
52    右薬指２                         51     ( -6.310, 11.793,  0.189) 118      0x081a
53    右薬指３                         52     ( -6.547, 11.667,  0.164) 104      0x081a
54    右薬指先                         53     ( -6.782, 11.561,  0.140) 0        0x0013
55    右小指１                         37     ( -5.902, 11.965,  0.375) 146      0x081a
56    右小指２                         55     ( -6.138, 11.821,  0.365) 120      0x081a
57    右小指３                         56     ( -6.295, 11.720,  0.354) 104      0x081a
58    右小指先                         57     ( -6.472, 11.624,  0.341) 0        0x0013
59    Bone_SleeveA01_R             35     ( -4.847, 13.202,  0.041) 731      0x001a
60    Bone_SleeveB01_R             35     ( -4.523, 12.997, -0.296) 810      0x001a
61    Bone_SleeveC01_R             35     ( -4.426, 12.748,  0.053) 879      0x001a
62    Bone_SleeveD01_R             35     ( -4.638, 13.007,  0.404) 854      0x001a
63    右ひじ補助                        31     ( -3.243, 13.926,  0.132) 34       0x0113
64    右腕補助                         28     ( -1.129, 15.424,  0.078) 43       0x0113
65    右胸                           8      ( -0.619, 14.671, -0.992) 997      0x001a
66    左胸                           8      (  0.619, 14.671, -0.992) 966      0x001a
67    Bone_BreastDecor01_L         8      (  0.259, 15.180, -1.373) 128      0x001a
68    Bone_BreastDecor01_R         8      ( -0.259, 15.180, -1.373) 127      0x001a
69    左下翼親                         8      (  0.367, 13.980,  0.175) 0        0x081f
70    左下翼_1                        69     (  0.367, 13.980,  0.175) 744      0x081a
71    左下翼_2                        70     (  0.647, 13.608,  0.553) 0        0x001a
72    左下翼_3                        71     (  0.927, 13.236,  0.931) 0        0x001a
73    左下翼_4                        72     (  1.207, 12.864,  1.310) 0        0x001a
74    左下翼_5                        73     (  1.487, 12.492,  1.688) 910      0x001a
75    左下翼_6                        74     (  1.815, 12.194,  2.093) 0        0x001a
76    左下翼_7                        75     (  2.142, 11.896,  2.497) 0        0x001a
77    左下翼_8                        76     (  2.470, 11.598,  2.902) 0        0x001a
78    左下翼_9                        77     (  2.797, 11.300,  3.307) 678      0x001a
79    左下翼_10                       78     (  3.125, 11.002,  3.711) 0        0x001a
80    左下翼_11                       79     (  3.453, 10.704,  4.116) 0        0x001a
81    左下翼_12                       80     (  3.780, 10.406,  4.521) 0        0x001a
82    左上翼親                         8      (  0.276, 14.115,  0.263) 0        0x081f
83    左上翼_1                        82     (  0.276, 14.115,  0.263) 750      0x081a
84    左上翼_2                        83     (  0.623, 14.502,  0.641) 0        0x001a
85    左上翼_3                        84     (  0.971, 14.889,  1.019) 0        0x001a
86    左上翼_4                        85     (  1.318, 15.276,  1.397) 0        0x001a
87    左上翼_5                        86     (  1.665, 15.663,  1.775) 1044     0x001a
88    左上翼_6                        87     (  2.012, 16.051,  2.153) 0        0x001a
89    左上翼_7                        88     (  2.359, 16.438,  2.531) 0        0x001a
90    左上翼_8                        89     (  2.706, 16.825,  2.910) 0        0x001a
91    左上翼_9                        90     (  3.053, 17.212,  3.288) 792      0x001a
92    左上翼_10                       91     (  3.401, 17.599,  3.666) 0        0x001a
93    左上翼_11                       92     (  3.748, 17.987,  4.044) 0        0x001a
94    左上翼_12                       93     (  4.095, 18.374,  4.422) 0        0x001a
95    左上翼_13                       94     (  4.442, 18.761,  4.800) 426      0x001a
96    左上翼_14                       95     (  4.789, 19.148,  5.178) 0        0x001a
97    左上翼_15                       96     (  5.136, 19.535,  5.556) 0        0x001a
98    左上翼_16                       97     (  5.483, 19.923,  5.934) 0        0x001a
99    右下翼親                         8      ( -0.367, 13.980,  0.175) 0        0x081f
100   右下翼_1                        99     ( -0.367, 13.980,  0.175) 744      0x081a
101   右下翼_2                        100    ( -0.647, 13.608,  0.553) 0        0x001a
102   右下翼_3                        101    ( -0.927, 13.236,  0.931) 0        0x001a
103   右下翼_4                        102    ( -1.207, 12.864,  1.310) 0        0x001a
104   右下翼_5                        103    ( -1.487, 12.492,  1.688) 910      0x001a
105   右下翼_6                        104    ( -1.815, 12.194,  2.093) 0        0x001a
106   右下翼_7                        105    ( -2.142, 11.896,  2.497) 0        0x001a
107   右下翼_8                        106    ( -2.470, 11.598,  2.902) 0        0x001a
108   右下翼_9                        107    ( -2.797, 11.300,  3.307) 678      0x001a
109   右下翼_10                       108    ( -3.125, 11.002,  3.711) 0        0x001a
110   右下翼_11                       109    ( -3.453, 10.704,  4.116) 0        0x001a
111   右下翼_12                       110    ( -3.780, 10.406,  4.521) 0        0x001a
112   右上翼親                         8      ( -0.276, 14.115,  0.263) 0        0x081e
113   右上翼_1                        112    ( -0.276, 14.115,  0.263) 748      0x081a
114   右上翼_2                        113    ( -0.623, 14.502,  0.641) 0        0x001a
115   右上翼_3                        114    ( -0.971, 14.889,  1.019) 0        0x001a
116   右上翼_4                        115    ( -1.318, 15.276,  1.397) 0        0x001a
117   右上翼_5                        116    ( -1.665, 15.663,  1.775) 1044     0x001a
118   右上翼_6                        117    ( -2.012, 16.051,  2.153) 0        0x001a
119   右上翼_7                        118    ( -2.359, 16.438,  2.531) 0        0x001a
120   右上翼_8                        119    ( -2.706, 16.825,  2.910) 0        0x001a
121   右上翼_9                        120    ( -3.053, 17.212,  3.288) 790      0x001a
122   右上翼_10                       121    ( -3.401, 17.599,  3.666) 0        0x001a
123   右上翼_11                       122    ( -3.748, 17.987,  4.044) 0        0x001a
124   右上翼_12                       123    ( -4.095, 18.374,  4.422) 0        0x001a
125   右上翼_13                       124    ( -4.442, 18.761,  4.800) 426      0x001a
126   右上翼_14                       125    ( -4.789, 19.148,  5.178) 0        0x001a
127   右上翼_15                       126    ( -5.136, 19.535,  5.556) 0        0x001a
128   右上翼_16                       127    ( -5.483, 19.923,  5.934) 0        0x001a
129   Bone_NeckDecor01             9      (  0.000, 16.262, -0.524) 308      0x001a
130   歯下                           10     (  0.000, 16.875, -1.243) 78       0x001e
131   歯上                           10     (  0.000, 16.950, -1.244) 78       0x001e
132   Bone_HairD01_R               10     ( -1.109, 17.465, -0.470) 340      0x001a
133   Bone_HairF01_L               10     (  0.048, 18.289, -1.633) 510      0x001a
134   Bone_Ear01_R                 10     ( -0.998, 17.517, -0.259) 659      0x001a
135   Bone_Ear01_L                 10     (  0.998, 17.517, -0.259) 659      0x001a
136   髮_1                          10     (  0.000, 19.569,  0.783) 2714     0x001a
137   髮_2                          136    (  0.000, 19.299,  0.901) 0        0x001a
138   髮_3                          137    (  0.000, 19.029,  1.019) 0        0x001a
139   髮_4                          138    (  0.000, 18.760,  1.137) 0        0x001a
140   髮_5                          139    (  0.000, 18.490,  1.255) 3898     0x001a
141   髮_6                          140    (  0.000, 18.206,  1.376) 0        0x001a
142   髮_7                          141    (  0.000, 17.921,  1.497) 0        0x001a
143   髮_8                          142    (  0.000, 17.637,  1.618) 0        0x001a
144   髮_9                          143    (  0.000, 17.352,  1.739) 5006     0x001a
145   髮_10                         144    (  0.000, 16.991,  1.860) 0        0x001a
146   髮_11                         145    (  0.000, 16.629,  1.981) 0        0x001a
147   髮_12                         146    (  0.000, 16.267,  2.103) 0        0x001a
148   髮_13                         147    (  0.000, 15.906,  2.224) 4830     0x001a
149   髮_14                         148    (  0.000, 15.492,  2.307) 0        0x001a
150   髮_15                         149    (  0.000, 15.079,  2.391) 0        0x001a
151   髮_16                         150    (  0.000, 14.665,  2.475) 0        0x001a
152   髮_17                         151    (  0.000, 14.252,  2.558) 3302     0x001a
153   髮_18                         152    (  0.000, 13.832,  2.607) 0        0x001a
154   髮_19                         153    (  0.000, 13.413,  2.656) 0        0x001a
155   髮_20                         154    (  0.000, 12.994,  2.704) 0        0x001a
156   髮_21                         155    (  0.000, 12.574,  2.753) 2318     0x001a
157   髮_22                         156    (  0.000, 12.347,  2.769) 0        0x001a
158   髮_23                         157    (  0.000, 12.120,  2.785) 0        0x001a
159   髮_24                         158    (  0.000, 11.893,  2.801) 0        0x001a
160   髮_25                         159    (  0.000, 11.666,  2.817) 0        0x001a
161   髮_26                         160    (  0.334, 11.513,  2.868) 298      0x001a
162   髮2_1                         147    (  0.074, 16.999,  2.325) 510      0x001a
163   髮2_2                         162    ( -0.046, 16.750,  2.505) 0        0x001a
164   髮2_3                         163    ( -0.167, 16.500,  2.686) 0        0x001a
165   髮2_4                         164    ( -0.288, 16.250,  2.866) 0        0x001a
166   髮2_5                         165    ( -0.408, 16.000,  3.046) 680      0x001a
167   髮2_6                         166    ( -0.451, 15.740,  3.185) 0        0x001a
168   髮2_7                         167    ( -0.471, 15.480,  3.323) 0        0x001a
169   髮2_8                         168    ( -0.452, 15.220,  3.462) 0        0x001a
170   髮2_9                         169    ( -0.407, 14.960,  3.516) 510      0x001a
171   髮2_10                        170    ( -0.216, 14.768,  3.556) 0        0x001a
172   髮2_11                        171    (  0.063, 14.603,  3.512) 0        0x001a
173   髮2_12                        172    (  0.298, 14.591,  3.467) 0        0x001a
174   左髮_1                         139    (  0.548, 18.778,  1.023) 394      0x001a
175   左髮_2                         174    (  0.610, 18.525,  1.032) 0        0x001a
176   左髮_3                         175    (  0.673, 18.271,  1.040) 0        0x001a
177   左髮_4                         176    (  0.736, 18.018,  1.049) 0        0x001a
178   左髮_5                         177    (  0.798, 17.764,  1.058) 564      0x001a
179   左髮_6                         178    (  0.841, 17.502,  1.073) 0        0x001a
180   左髮_7                         179    (  0.884, 17.239,  1.087) 0        0x001a
181   左髮_8                         180    (  0.926, 16.976,  1.102) 0        0x001a
182   左髮_9                         181    (  0.969, 16.714,  1.116) 472      0x001a
183   左髮_10                        182    (  0.899, 16.451,  1.131) 0        0x001a
184   左髮_11                        183    (  0.830, 16.188,  1.145) 0        0x001a
185   左髮_12                        184    (  0.760, 15.925,  1.160) 0        0x001a
186   右髮_1                         139    ( -0.548, 18.778,  1.023) 334      0x001a
187   右髮_2                         186    ( -0.594, 18.521,  1.014) 0        0x001a
188   右髮_3                         187    ( -0.641, 18.264,  1.006) 0        0x001a
189   右髮_4                         188    ( -0.687, 18.007,  0.997) 0        0x001a
190   右髮_5                         189    ( -0.734, 17.751,  0.988) 410      0x001a
191   右髮_6                         190    ( -0.770, 17.487,  0.980) 0        0x001a
192   右髮_7                         191    ( -0.806, 17.223,  0.971) 0        0x001a
193   右髮_8                         192    ( -0.842, 16.959,  0.963) 0        0x001a
194   右髮_9                         193    ( -0.878, 16.695,  0.954) 284      0x001a
195   右髮_10                        194    ( -0.742, 16.431,  0.946) 0        0x001a
196   右髮_11                        195    ( -0.607, 16.167,  0.937) 0        0x001a
197   右髮_12                        196    ( -0.471, 15.903,  0.929) 0        0x001a
198   Bone_HairB01_R               10     ( -1.009, 17.622, -0.883) 594      0x001a
199   Bone_HairB02_R               198    ( -0.811, 17.028, -0.994) 500      0x001a
200   Bone_HairC01_R               10     ( -0.740, 17.083, -0.730) 888      0x001a
201   Bone_HairC02_R               200    ( -0.725, 16.476, -0.859) 1062     0x001a
202   Bone_HairC03_R               201    ( -0.709, 15.868, -0.988) 960      0x001a
203   Bone_HairC01_L               10     (  0.740, 17.083, -0.730) 890      0x001a
204   Bone_HairC02_L               203    (  0.725, 16.476, -0.859) 1062     0x001a
205   Bone_HairC03_L               204    (  0.709, 15.868, -0.988) 960      0x001a
206   Bone_HairD01_L               10     (  1.109, 17.465, -0.470) 340      0x001a
207   Bone_HairB01_L               10     (  1.009, 17.622, -0.883) 598      0x001a
208   Bone_HairB02_L               207    (  0.811, 17.028, -0.994) 504      0x001a
209   Bone_HairL01_R               10     ( -0.846, 17.527, -1.149) 196      0x001a
210   Bone_HairL01_L               10     (  0.846, 17.527, -1.149) 196      0x001a
211   Bone_HairM01_R               10     ( -0.314, 18.271, -1.596) 624      0x001a
212   Bone_HairN01_L               10     (  0.375, 18.298, -1.546) 438      0x001a
213   Bone_HairG01_L               10     (  0.492, 19.299,  0.400) 202      0x001a
214   Bone_HairK01_L               10     (  0.551, 18.787,  0.729) 70       0x001a
215   Bone_HairK02_L               214    (  0.889, 17.993,  0.798) 60       0x001a
216   Bone_HairK03_L               215    (  1.112, 17.166,  0.750) 48       0x001a
217   Bone_HairK01_R               10     ( -0.551, 18.787,  0.729) 70       0x001a
218   Bone_HairK02_R               217    ( -0.889, 17.993,  0.798) 60       0x001a
219   Bone_HairK03_R               218    ( -1.112, 17.166,  0.750) 48       0x001a
220   Bone_HairG01_R               10     ( -0.492, 19.299,  0.400) 202      0x001a
221   左肩P                          8      (  0.150, 15.788,  0.028) 0        0x001a
222   左肩                           221    (  0.150, 15.788,  0.028) 1297     0x081b
223   左肩C                          222    (  1.129, 15.424,  0.078) 0        0x0112
224   左腕                           223    (  1.129, 15.424,  0.078) 177      0x081b
225   左腕捩                          224    (  2.397, 14.525,  0.100) 93       0x041a
226   左腕捩1                         224    (  1.805, 14.945,  0.089) 46       0x0112
227   左腕捩2                         224    (  2.228, 14.645,  0.097) 90       0x0112
228   左腕捩3                         224    (  2.651, 14.345,  0.104) 65       0x0112
229   左ひじ                          225    (  3.243, 13.926,  0.132) 144      0x081b
230   左手捩                          229    (  4.489, 13.043,  0.062) 282      0x041a
231   左手捩1                         229    (  3.907, 13.455,  0.095) 386      0x0112
232   左手捩2                         229    (  4.322, 13.161,  0.072) 640      0x0112
233   左手捩3                         229    (  4.738, 12.867,  0.048) 432      0x0112
234   左手首                          230    (  5.319, 12.455,  0.016) 612      0x081a
235   左ダミー                         234    (  5.542, 12.002,  0.016) 0        0x001e
236   左親指０                         234    (  5.509, 12.165, -0.260) 174      0x081a
237   左親指１                         236    (  5.629, 11.949, -0.461) 102      0x081a
238   左親指２                         237    (  5.761, 11.758, -0.565) 104      0x081a
239   左親指先                         238    (  5.898, 11.559, -0.687) 0        0x0013
240   左人指１                         234    (  6.046, 11.948, -0.212) 170      0x081a
241   左人指２                         240    (  6.307, 11.779, -0.196) 118      0x081a
242   左人指３                         241    (  6.521, 11.653, -0.182) 104      0x081a
243   左人指先                         242    (  6.719, 11.564, -0.167) 0        0x0013
244   左中指１                         234    (  6.045, 11.963,  0.014) 180      0x081a
245   左中指２                         244    (  6.359, 11.794,  0.005) 118      0x081a
246   左中指３                         245    (  6.610, 11.635, -0.003) 104      0x081a
247   左中指先                         246    (  6.845, 11.517, -0.009) 0        0x0013
248   左薬指１                         234    (  6.003, 11.954,  0.222) 184      0x081a
249   左薬指２                         248    (  6.310, 11.793,  0.189) 118      0x081a
250   左薬指３                         249    (  6.547, 11.667,  0.164) 104      0x081a
251   左薬指先                         250    (  6.782, 11.561,  0.140) 0        0x0013
252   左小指１                         234    (  5.902, 11.965,  0.375) 146      0x081a
253   左小指２                         252    (  6.138, 11.821,  0.365) 120      0x081a
254   左小指３                         253    (  6.295, 11.720,  0.354) 104      0x081a
255   左小指先                         254    (  6.472, 11.624,  0.341) 0        0x0013
256   左ひじ補助                        225    (  3.243, 13.926,  0.132) 34       0x0113
257   右足IK親                        0      ( -0.309,  0.000,  0.138) 0        0x001e
258   右足ＩＫ                         257    ( -0.309,  1.148,  0.138) 0        0x003f
259   右つま先ＩＫ                       258    ( -0.562,  0.376, -1.308) 0        0x003e
260   左足IK親                        0      (  0.309,  0.000,  0.138) 0        0x001e
261   左足ＩＫ                         260    (  0.309,  1.148,  0.138) 0        0x003f
262   左つま先ＩＫ                       261    (  0.562,  0.376, -1.308) 0        0x003e
263   右足D                          22     ( -0.951, 11.220, -0.481) 1053     0x011b
264   右ひざD                         263    ( -0.642,  6.291, -0.291) 1810     0x011b
265   右足首D                         264    ( -0.309,  1.148,  0.138) 1093     0x011b
266   右足先EX                        265    ( -0.438,  0.425, -0.831) 542      0x001a
267   右ひざ補助                        263    ( -0.642,  6.291, -0.291) 138      0x0113
268   左足D                          17     (  0.951, 11.220, -0.481) 1065     0x011b
269   左ひざD                         268    (  0.642,  6.291, -0.291) 1810     0x011b
270   左足首D                         269    (  0.309,  1.148,  0.138) 1134     0x011b
271   左足先EX                        270    (  0.438,  0.425, -0.831) 542      0x001a
272   左ひざ補助                        268    (  0.642,  6.291, -0.291) 138      0x0113
273   Bone_HairN01_L錘              212    (  0.318, 18.012, -1.619) 0        0x0012
274   Bone_HairM01_R錘              211    ( -0.379, 17.977, -1.644) 0        0x0012
275   Bone_HairF01_L錘              133    (  0.011, 17.977, -1.691) 0        0x0012
276   Bone_HairL01_L錘              210    (  1.002, 17.270, -1.061) 0        0x0012
277   Bone_HairL01_R錘              209    ( -1.002, 17.270, -1.061) 0        0x0012
278   Bone_HairB01_L錘              207    (  1.108, 17.325, -0.828) 0        0x0012
279   Bone_HairB01_R錘              198    ( -1.108, 17.325, -0.828) 0        0x0012
280   Bone_HairB02_L錘              208    (  0.910, 16.771, -0.902) 0        0x0012
281   Bone_HairB02_R錘              199    ( -0.910, 16.771, -0.902) 0        0x0012
282   Bone_HairD01_L錘              206    (  1.180, 17.080, -0.427) 0        0x0012
283   Bone_HairD01_R錘              132    ( -1.180, 17.080, -0.427) 0        0x0012
284   Bone_Ear01_L錘                135    (  0.679, 17.352, -0.380) 0        0x0012
285   Bone_Ear01_R錘                134    ( -0.679, 17.352, -0.380) 0        0x0012
286   Bone_HairG01_R錘              220    ( -0.065, 18.984,  0.091) 0        0x0012
287   Bone_HairK01_R錘              217    ( -0.381, 18.390,  0.460) 0        0x0012
288   Bone_HairK01_L錘              214    (  0.381, 18.390,  0.460) 0        0x0012
289   Bone_HairG01_L錘              213    (  0.065, 18.984,  0.091) 0        0x0012
290   Bone_HairK02_R錘              218    ( -0.778, 17.580,  0.589) 0        0x0012
291   Bone_HairK02_L錘              215    (  0.778, 17.580,  0.589) 0        0x0012
292   左胸錘                          66     (  0.604, 14.612, -0.713) 0        0x0012
293   右胸錘                          65     ( -0.604, 14.612, -0.713) 0        0x0012
294   Bone_BreastDecor01_R錘        68     ( -0.163, 15.134, -1.277) 0        0x0012
295   Bone_BreastDecor01_L錘        67     (  0.163, 15.134, -1.277) 0        0x0012
296   PJ_0_0                       222    (  1.040, 16.311, -0.356) 76       0x001b
297   PJ_0_1                       222    (  1.060, 16.332, -0.338) 53       0x001b
298   PJ_0_2                       222    (  1.088, 16.359, -0.276) 63       0x001b
299   PJ_0_3                       222    (  1.118, 16.384, -0.185) 24       0x001b
300   PJ_0_4                       222    (  1.135, 16.396, -0.111) 26       0x001b
301   PJ_0_5                       222    (  1.138, 16.395, -0.060) 38       0x001b
302   PJ_0_6                       222    (  1.148, 16.396,  0.018) 31       0x001b
303   PJ_0_7                       222    (  1.160, 16.396,  0.100) 16       0x001b
304   PJ_0_8                       222    (  1.153, 16.383,  0.158) 40       0x001b
305   PJ_0_9                       222    (  1.123, 16.360,  0.235) 31       0x001b
306   PJ_0_10                      222    (  1.061, 16.326,  0.357) 48       0x001b
307   PJ_0_11                      222    (  1.001, 16.299,  0.438) 41       0x001b
308   PJ_0_12                      222    (  0.960, 16.282,  0.458) 150      0x001b
309   PJ_1_0                       296    (  1.259, 15.895, -0.599) 115      0x001b
310   PJ_1_1                       297    (  1.344, 15.904, -0.591) 80       0x001b
311   PJ_1_2                       298    (  1.446, 15.909, -0.502) 121      0x001b
312   PJ_1_3                       299    (  1.537, 15.921, -0.356) 119      0x001b
313   PJ_1_4                       300    (  1.578, 15.942, -0.233) 95       0x001b
314   PJ_1_5                       301    (  1.569, 15.961, -0.135) 65       0x001b
315   PJ_1_6                       302    (  1.538, 15.964,  0.005) 55       0x001b
316   PJ_1_7                       303    (  1.524, 15.961,  0.140) 24       0x001b
317   PJ_1_8                       304    (  1.510, 15.950,  0.233) 55       0x001b
318   PJ_1_9                       305    (  1.451, 15.914,  0.327) 94       0x001b
319   PJ_1_10                      306    (  1.321, 15.840,  0.452) 78       0x001b
320   PJ_1_11                      307    (  1.200, 15.773,  0.513) 51       0x001b
321   PJ_1_12                      308    (  1.124, 15.726,  0.495) 111      0x001b
322   PJ_2_0                       309    (  1.329, 15.427, -0.769) 176      0x001b
323   PJ_2_1                       310    (  1.453, 15.435, -0.776) 141      0x001b
324   PJ_2_2                       311    (  1.618, 15.439, -0.676) 170      0x001b
325   PJ_2_3                       312    (  1.774, 15.465, -0.497) 119      0x001b
326   PJ_2_4                       313    (  1.865, 15.521, -0.332) 110      0x001b
327   PJ_2_5                       314    (  1.879, 15.574, -0.191) 54       0x001b
328   PJ_2_6                       315    (  1.838, 15.589,  0.000) 53       0x001b
329   PJ_2_7                       316    (  1.806, 15.579,  0.171) 42       0x001b
330   PJ_2_8                       317    (  1.771, 15.552,  0.282) 67       0x001b
331   PJ_2_9                       318    (  1.675, 15.495,  0.388) 60       0x001b
332   PJ_2_10                      319    (  1.482, 15.397,  0.516) 41       0x001b
333   PJ_2_11                      320    (  1.311, 15.313,  0.566) 54       0x001b
334   PJ_2_12                      321    (  1.213, 15.257,  0.527) 133      0x001b
335   PJ_3_0                       322    (  1.343, 14.941, -0.889) 170      0x001b
336   PJ_3_1                       323    (  1.487, 14.953, -0.907) 104      0x001b
337   PJ_3_2                       324    (  1.701, 14.968, -0.800) 136      0x001b
338   PJ_3_3                       325    (  1.916, 15.021, -0.601) 134      0x001b
339   PJ_3_4                       326    (  2.070, 15.121, -0.401) 43       0x001b
340   PJ_3_5                       327    (  2.124, 15.213, -0.228) 11       0x001b
341   PJ_3_6                       328    (  2.093, 15.245, -0.001) 17       0x001b
342   PJ_3_7                       329    (  2.045, 15.225,  0.193) 9        0x001b
343   PJ_3_8                       330    (  1.980, 15.173,  0.316) 12       0x001b
344   PJ_3_9                       331    (  1.840, 15.092,  0.429) 21       0x001b
345   PJ_3_10                      332    (  1.590, 14.978,  0.560) 75       0x001b
346   PJ_3_11                      333    (  1.376, 14.889,  0.606) 36       0x001b
347   PJ_3_12                      334    (  1.264, 14.833,  0.557) 113      0x001b
348   PJ_4_0                       335    (  1.363, 14.460, -0.980) 110      0x001b
349   PJ_4_1                       336    (  1.514, 14.476, -0.999) 38       0x001b
350   PJ_4_2                       337    (  1.762, 14.507, -0.882) 158      0x001b
351   PJ_4_3                       338    (  2.026, 14.589, -0.667) 182      0x001b
352   PJ_4_4                       339    (  2.243, 14.733, -0.442) 55       0x001b
353   PJ_4_5                       340    (  2.345, 14.862, -0.248) 30       0x001b
354   PJ_4_6                       341    (  2.332, 14.910,  0.000) 28       0x001b
355   PJ_4_7                       342    (  2.270, 14.882,  0.211) 17       0x001b
356   PJ_4_8                       343    (  2.170, 14.804,  0.341) 28       0x001b
357   PJ_4_9                       344    (  1.983, 14.697,  0.460) 131      0x001b
358   PJ_4_10                      345    (  1.679, 14.569,  0.595) 147      0x001b
359   PJ_4_11                      346    (  1.425, 14.477,  0.640) 41       0x001b
360   PJ_4_12                      347    (  1.301, 14.424,  0.585) 118      0x001b
361   PJ_5_0                       348    (  1.420, 13.992, -1.055) 142      0x001b
362   PJ_5_1                       349    (  1.570, 14.012, -1.064) 72       0x001b
363   PJ_5_2                       350    (  1.842, 14.059, -0.932) 106      0x001b
364   PJ_5_3                       351    (  2.144, 14.168, -0.700) 158      0x001b
365   PJ_5_4                       352    (  2.417, 14.350, -0.457) 101      0x001b
366   PJ_5_5                       353    (  2.566, 14.510, -0.255) 31       0x001b
367   PJ_5_6                       354    (  2.574, 14.573,  0.000) 25       0x001b
368   PJ_5_7                       355    (  2.499, 14.538,  0.226) 28       0x001b
369   PJ_5_8                       356    (  2.361, 14.436,  0.362) 46       0x001b
370   PJ_5_9                       357    (  2.123, 14.304,  0.487) 162      0x001b
371   PJ_5_10                      358    (  1.767, 14.161,  0.626) 169      0x001b
372   PJ_5_11                      359    (  1.476, 14.064,  0.671) 92       0x001b
373   PJ_5_12                      360    (  1.341, 14.012,  0.614) 148      0x001b
374   PJ_6_0                       361    (  1.517, 13.537, -1.126) 157      0x001b
375   PJ_6_1                       362    (  1.661, 13.560, -1.116) 197      0x001b
376   PJ_6_2                       363    (  1.949, 13.622, -0.962) 133      0x001b
377   PJ_6_3                       364    (  2.282, 13.755, -0.712) 37       0x001b
378   PJ_6_4                       365    (  2.604, 13.969, -0.457) 52       0x001b
379   PJ_6_5                       366    (  2.798, 14.155, -0.256) 85       0x001b
380   PJ_6_6                       367    (  2.825, 14.231,  0.000) 86       0x001b
381   PJ_6_7                       368    (  2.736, 14.190,  0.239) 85       0x001b
382   PJ_6_8                       369    (  2.560, 14.067,  0.382) 76       0x001b
383   PJ_6_9                       370    (  2.270, 13.910,  0.514) 71       0x001b
384   PJ_6_10                      371    (  1.864, 13.751,  0.657) 119      0x001b
385   PJ_6_11                      372    (  1.536, 13.646,  0.703) 184      0x001b
386   PJ_6_12                      373    (  1.389, 13.591,  0.644) 192      0x001b
387   PJ_7_0                       374    (  1.624, 13.082, -1.198) 80       0x001b
388   PJ_7_1                       375    (  1.765, 13.108, -1.167) 65       0x001b
389   PJ_7_2                       376    (  2.066, 13.186, -0.991) 26       0x001b
390   PJ_7_4                       378    (  2.797, 13.588, -0.455) 14       0x001b
391   PJ_7_5                       379    (  3.034, 13.799, -0.255) 34       0x001b
392   PJ_7_6                       380    (  3.080, 13.886, -0.001) 33       0x001b
393   PJ_7_7                       381    (  2.975, 13.841,  0.252) 33       0x001b
394   PJ_7_8                       382    (  2.762, 13.697,  0.402) 27       0x001b
395   PJ_7_9                       383    (  2.420, 13.515,  0.542) 2        0x001b
396   PJ_7_10                      384    (  1.964, 13.340,  0.689) 25       0x001b
397   PJ_7_11                      385    (  1.599, 13.225,  0.735) 102      0x001b
398   PJ_7_12                      386    (  1.439, 13.167,  0.673) 100      0x001b
399   PJ_8_0                       387    (  1.684, 12.601, -1.274) 0        0x0013
400   PJ_8_1                       388    (  1.824, 12.635, -1.231) 0        0x0013
401   PJ_8_2                       389    (  2.144, 12.735, -1.039) 0        0x0013
402   PJ_8_4                       390    (  2.968, 13.208, -0.470) 0        0x0013
403   PJ_8_5                       391    (  3.253, 13.450, -0.262) 0        0x0013
404   PJ_8_6                       392    (  3.319, 13.551,  0.000) 0        0x0013
405   PJ_8_7                       393    (  3.200, 13.499,  0.265) 0        0x0013
406   PJ_8_8                       394    (  2.950, 13.330,  0.422) 0        0x0013
407   PJ_8_9                       395    (  2.557, 13.123,  0.568) 0        0x0013
408   PJ_8_10                      396    (  2.052, 12.934,  0.719) 0        0x0013
409   PJ_8_11                      397    (  1.649, 12.816,  0.766) 0        0x0013
410   PJ_8_12                      398    (  1.477, 12.758,  0.702) 0        0x0013
411   Bone_CapeDecorTop01_L        323    (  1.454, 15.058, -0.956) 56       0x001a
412   Bone_CapeDecor01_L           411    (  1.372, 14.639, -1.060) 1206     0x001a
413   Bone_CapeDecor02_L           412    (  1.298, 13.839, -1.222) 187      0x001a
414   Bone_CapeDecor03_L           413    (  1.276, 13.425, -1.286) 46       0x001b
415   Bone_CapeDecor04_L           414    (  1.283, 13.085, -1.319) 44       0x001a
416   Q_0_0                        5      (  0.000, 12.019, -1.782) 25       0x001b
417   Q_0_1                        5      (  0.686, 12.012, -1.684) 73       0x001b
418   Q_0_2                        5      (  1.253, 12.001, -1.409) 37       0x001b
419   Q_0_3                        5      (  1.604, 12.009, -1.005) 62       0x001b
420   Q_0_4                        5      (  1.677, 12.050, -0.552) 70       0x001b
421   Q_0_5                        5      (  1.460, 12.120, -0.140) 56       0x001b
422   Q_0_6                        5      (  0.991, 12.199,  0.180) 43       0x001b
423   Q_0_7                        5      (  0.351, 12.250,  0.354) 110      0x001b
424   Q_0_8                        5      ( -0.351, 12.250,  0.354) 123      0x001b
425   Q_0_9                        5      ( -0.991, 12.199,  0.180) 52       0x001b
426   Q_0_10                       5      ( -1.460, 12.120, -0.140) 56       0x001b
427   Q_0_11                       5      ( -1.677, 12.050, -0.552) 71       0x001b
428   Q_0_12                       5      ( -1.604, 12.009, -1.005) 67       0x001b
429   Q_0_13                       5      ( -1.253, 12.001, -1.409) 40       0x001b
430   Q_0_14                       5      ( -0.686, 12.012, -1.684) 88       0x001b
431   Q_1_0                        416    (  0.000, 11.513, -1.871) 90       0x001b
432   Q_1_1                        417    (  0.735, 11.532, -1.764) 101      0x001b
433   Q_1_2                        418    (  1.342, 11.582, -1.459) 86       0x001b
434   Q_1_3                        419    (  1.718, 11.637, -1.008) 124      0x001b
435   Q_1_4                        420    (  1.796, 11.674, -0.491) 141      0x001b
436   Q_1_5                        421    (  1.564, 11.685,  0.003) 88       0x001b
437   Q_1_6                        422    (  1.062, 11.675,  0.390) 59       0x001b
438   Q_1_7                        423    (  0.376, 11.663,  0.602) 137      0x001b
439   Q_1_8                        424    ( -0.376, 11.663,  0.602) 140      0x001b
440   Q_1_9                        425    ( -1.062, 11.675,  0.390) 78       0x001b
441   Q_1_10                       426    ( -1.564, 11.685,  0.003) 106      0x001b
442   Q_1_11                       427    ( -1.796, 11.674, -0.491) 146      0x001b
443   Q_1_12                       428    ( -1.718, 11.637, -1.008) 135      0x001b
444   Q_1_13                       429    ( -1.342, 11.582, -1.459) 100      0x001b
445   Q_1_14                       430    ( -0.735, 11.532, -1.764) 115      0x001b
446   Q_2_0                        431    (  0.000, 11.006, -1.961) 58       0x001b
447   Q_2_1                        432    (  0.783, 11.052, -1.842) 115      0x001b
448   Q_2_2                        433    (  1.431, 11.161, -1.505) 136      0x001b
449   Q_2_3                        434    (  1.832, 11.264, -1.008) 116      0x001b
450   Q_2_4                        435    (  1.915, 11.299, -0.428) 104      0x001b
451   Q_2_5                        436    (  1.668, 11.248,  0.149) 94       0x001b
452   Q_2_6                        437    (  1.132, 11.151,  0.602) 66       0x001b
453   Q_2_7                        438    (  0.400, 11.077,  0.850) 114      0x001b
454   Q_2_8                        439    ( -0.400, 11.077,  0.850) 114      0x001b
455   Q_2_9                        440    ( -1.132, 11.151,  0.602) 69       0x001b
456   Q_2_10                       441    ( -1.668, 11.248,  0.149) 97       0x001b
457   Q_2_11                       442    ( -1.915, 11.299, -0.428) 106      0x001b
458   Q_2_12                       443    ( -1.832, 11.264, -1.008) 126      0x001b
459   Q_2_13                       444    ( -1.431, 11.161, -1.505) 141      0x001b
460   Q_2_14                       445    ( -0.783, 11.052, -1.842) 115      0x001b
461   Q_3_0                        446    (  0.000, 10.500, -2.050) 58       0x001b
462   Q_3_1                        447    (  0.832, 10.572, -1.919) 198      0x001b
463   Q_3_2                        448    (  1.520, 10.740, -1.549) 212      0x001b
464   Q_3_3                        449    (  1.946, 10.892, -1.005) 122      0x001b
465   Q_3_4                        450    (  2.035, 10.923, -0.364) 101      0x001b
466   Q_3_5                        451    (  1.772, 10.811,  0.299) 101      0x001b
467   Q_3_6                        452    (  1.202, 10.627,  0.815) 145      0x001b
468   Q_3_7                        453    (  0.425, 10.491,  1.098) 224      0x001b
469   Q_3_8                        454    ( -0.425, 10.491,  1.098) 224      0x001b
470   Q_3_9                        455    ( -1.202, 10.627,  0.815) 145      0x001b
471   Q_3_10                       456    ( -1.772, 10.811,  0.299) 101      0x001b
472   Q_3_11                       457    ( -2.035, 10.923, -0.364) 101      0x001b
473   Q_3_12                       458    ( -1.946, 10.892, -1.005) 122      0x001b
474   Q_3_13                       459    ( -1.520, 10.740, -1.549) 212      0x001b
475   Q_3_14                       460    ( -0.832, 10.572, -1.919) 198      0x001b
476   Q_4_0                        461    (  0.000,  9.994, -2.139) 58       0x001b
477   Q_4_1                        462    (  0.881, 10.092, -1.996) 145      0x001b
478   Q_4_2                        463    (  1.609, 10.319, -1.592) 181      0x001b
479   Q_4_3                        464    (  2.060, 10.518, -1.001) 86       0x001b
480   Q_4_4                        465    (  2.154, 10.547, -0.300) 66       0x001b
481   Q_4_5                        466    (  1.876, 10.374,  0.450) 69       0x001b
482   Q_4_6                        467    (  1.273, 10.103,  1.030) 189      0x001b
483   Q_4_7                        468    (  0.450,  9.904,  1.346) 273      0x001b
484   Q_4_8                        469    ( -0.450,  9.904,  1.346) 273      0x001b
485   Q_4_9                        470    ( -1.273, 10.103,  1.030) 189      0x001b
486   Q_4_10                       471    ( -1.876, 10.374,  0.450) 70       0x001b
487   Q_4_11                       472    ( -2.154, 10.547, -0.300) 69       0x001b
488   Q_4_12                       473    ( -2.060, 10.518, -1.001) 88       0x001b
489   Q_4_13                       474    ( -1.609, 10.319, -1.592) 181      0x001b
490   Q_4_14                       475    ( -0.881, 10.092, -1.996) 145      0x001b
491   Q_5_1                        477    (  0.930,  9.611, -2.072) 80       0x001b
492   Q_5_2                        478    (  1.698,  9.897, -1.633) 120      0x001b
493   Q_5_3                        479    (  2.174, 10.144, -0.996) 83       0x001b
494   Q_5_4                        480    (  2.273, 10.171, -0.235) 83       0x001b
495   Q_5_5                        481    (  1.979,  9.935,  0.602) 58       0x001b
496   Q_5_6                        482    (  1.343,  9.578,  1.246) 154      0x001b
497   Q_5_7                        483    (  0.475,  9.318,  1.595) 190      0x001b
498   Q_5_8                        484    ( -0.475,  9.318,  1.595) 190      0x001b
499   Q_5_9                        485    ( -1.343,  9.578,  1.246) 154      0x001b
500   Q_5_10                       486    ( -1.979,  9.935,  0.602) 58       0x001b
501   Q_5_11                       487    ( -2.273, 10.171, -0.235) 86       0x001b
502   Q_5_12                       488    ( -2.174, 10.144, -0.996) 85       0x001b
503   Q_5_13                       489    ( -1.698,  9.897, -1.633) 120      0x001b
504   Q_5_14                       490    ( -0.930,  9.611, -2.072) 80       0x001b
505   Q_6_1                        491    (  0.978,  9.130, -2.148) 51       0x001b
506   Q_6_2                        492    (  1.788,  9.474, -1.674) 59       0x001b
507   Q_6_3                        493    (  2.288,  9.770, -0.990) 68       0x001b
508   Q_6_4                        494    (  2.392,  9.795, -0.169) 102      0x001b
509   Q_6_5                        495    (  2.083,  9.497,  0.755) 78       0x001b
510   Q_6_6                        496    (  1.414,  9.053,  1.462) 76       0x001b
511   Q_6_7                        497    (  0.500,  8.731,  1.844) 58       0x001b
512   Q_6_8                        498    ( -0.500,  8.731,  1.844) 58       0x001b
513   Q_6_9                        499    ( -1.414,  9.053,  1.462) 76       0x001b
514   Q_6_10                       500    ( -2.083,  9.497,  0.755) 78       0x001b
515   Q_6_11                       501    ( -2.392,  9.795, -0.169) 102      0x001b
516   Q_6_12                       502    ( -2.288,  9.770, -0.990) 68       0x001b
517   Q_6_13                       503    ( -1.788,  9.474, -1.674) 59       0x001b
518   Q_6_14                       504    ( -0.978,  9.130, -2.148) 51       0x001b
519   Q_7_1                        505    (  1.027,  8.649, -2.224) 0        0x0012
520   Q_7_2                        506    (  1.877,  9.052, -1.714) 0        0x0012
521   Q_7_3                        507    (  2.402,  9.395, -0.983) 0        0x0012
522   Q_7_4                        508    (  2.511,  9.419, -0.104) 0        0x0012
523   Q_7_5                        509    (  2.187,  9.058,  0.909) 0        0x0012
524   Q_7_6                        510    (  1.484,  8.527,  1.679) 0        0x0012
525   Q_7_7                        511    (  0.525,  8.144,  2.092) 0        0x0012
526   Q_7_8                        512    ( -0.525,  8.144,  2.092) 0        0x0012
527   Q_7_9                        513    ( -1.484,  8.527,  1.679) 0        0x0012
528   Q_7_10                       514    ( -2.187,  9.058,  0.909) 0        0x0012
529   Q_7_11                       515    ( -2.511,  9.419, -0.104) 0        0x0012
530   Q_7_12                       516    ( -2.402,  9.395, -0.983) 0        0x0012
531   Q_7_13                       517    ( -1.877,  9.052, -1.714) 0        0x0012
532   Q_7_14                       518    ( -1.027,  8.649, -2.224) 0        0x0012
533   Bone_ShirtDecor01_R          427    ( -2.023, 11.915, -0.673) 945      0x001a
534   Bone_ShirtDecorA01_R         533    ( -2.387, 11.281, -0.604) 200      0x001a
535   Bone_ShirtDecorA02_R         534    ( -2.769, 10.501, -0.519) 112      0x001a
536   Bone_ShirtDecorB01_R         533    ( -2.136, 11.746, -1.098) 213      0x001a
537   Bone_ShirtDecorC01_R         533    ( -2.065, 11.871, -0.206) 215      0x001a
538   Bone_Rosette01_M             5      (  0.000, 12.585,  0.292) 583      0x001a
539   Bone_RosetteA01_R            538    ( -0.210, 12.567,  0.375) 140      0x001a
540   Bone_RosetteA01_L            538    (  0.210, 12.567,  0.375) 140      0x001a
541   Bone_RosetteA01_L錘           540    ( -0.108, 12.344,  0.474) 0        0x0012
542   Bone_RosetteA01_R錘           539    (  0.108, 12.344,  0.474) 0        0x0012
543   Bone_ShirtDecorC01_R錘        537    ( -2.075, 11.759, -0.599) 0        0x0012
544   Bone_ShirtDecorB01_R錘        536    ( -2.107, 11.567, -0.726) 0        0x0012
545   Bone_ShirtDecorA01_R錘        534    ( -2.266, 10.893, -0.622) 0        0x0012
546   Bone_SleeveD01_R錘            62     ( -4.188, 12.632,  0.268) 0        0x0012
547   Bone_SleeveC01_R錘            61     ( -4.076, 12.298,  0.092) 0        0x0012
548   Bone_SleeveB01_R錘            60     ( -4.073, 12.622, -0.082) 0        0x0012
549   Bone_SleeveA01_R錘            59     ( -4.247, 12.952,  0.087) 0        0x0012

============================================================
有顶点影响的骨骼（按顶点数降序）:
  10     頭                               19410
  8      上半身2                             5449
  144    髮_9                              5006
  148    髮_13                             4830
  5      下半身                              4714
  140    髮_5                              3898
  7      上半身1                             3463
  152    髮_17                             3302
  136    髮_1                              2714
  35     右ひじ                              2424
  156    髮_21                             2318
  269    左ひざD                             1810
  264    右ひざD                             1810
  9      首                                1705
  222    左肩                               1297
  412    Bone_CapeDecor01_L               1206
  270    左足首D                             1134
  28     右肩                               1100
  265    右足首D                             1093
  268    左足D                              1065
  204    Bone_HairC02_L                   1062
  201    Bone_HairC02_R                   1062
  263    右足D                              1053
  87     左上翼_5                            1044
  117    右上翼_5                            1044
  65     右胸                                997
  66     左胸                                966
  205    Bone_HairC03_L                    960
  202    Bone_HairC03_R                    960
  533    Bone_ShirtDecor01_R               945
  104    右下翼_5                             910
  74     左下翼_5                             910
  203    Bone_HairC01_L                    890
  200    Bone_HairC01_R                    888
  61     Bone_SleeveC01_R                  879
  62     Bone_SleeveD01_R                  854
  60     Bone_SleeveB01_R                  810
  91     左上翼_9                             792
  121    右上翼_9                             790
  83     左上翼_1                             750
  113    右上翼_1                             748
  100    右下翼_1                             744
  70     左下翼_1                             744
  59     Bone_SleeveA01_R                  731
  166    髮2_5                              680
  108    右下翼_9                             678
  78     左下翼_9                             678
  135    Bone_Ear01_L                      659
  134    Bone_Ear01_R                      659
  37     右手首                               640
  232    左手捩2                              640
  211    Bone_HairM01_R                    624
  234    左手首                               612
  207    Bone_HairB01_L                    598
  198    Bone_HairB01_R                    594
  538    Bone_Rosette01_M                  583
  178    左髮_5                              564
  266    右足先EX                             542
  271    左足先EX                             542
  170    髮2_9                              510
  162    髮2_1                              510
  133    Bone_HairF01_L                    510
  208    Bone_HairB02_L                    504
  199    Bone_HairB02_R                    500
  182    左髮_9                              472
  30     右腕                                444
  212    Bone_HairN01_L                    438
  233    左手捩3                              432
  32     右腕捩1                              427
  125    右上翼_13                            426
  95     左上翼_13                            426
  190    右髮_5                              410
  174    左髮_1                              394
  231    左手捩1                              386
  132    Bone_HairD01_R                    340
  206    Bone_HairD01_L                    340
  186    右髮_1                              334
  129    Bone_NeckDecor01                  308
  161    髮_26                              298
  194    右髮_9                              284
  230    左手捩                               282
  16     右目先                               275
  14     左目先                               275
  483    Q_4_7                             273
  484    Q_4_8                             273
  36     右手捩                               253
  469    Q_3_8                             224
  468    Q_3_7                             224
  33     右腕捩2                              224
  537    Bone_ShirtDecorC01_R              215
  536    Bone_ShirtDecorB01_R              213
  463    Q_3_2                             212
  474    Q_3_13                            212
  213    Bone_HairG01_L                    202
  220    Bone_HairG01_R                    202
  534    Bone_ShirtDecorA01_R              200
  462    Q_3_1                             198
  475    Q_3_14                            198
  375    PJ_6_1                            197
  210    Bone_HairL01_L                    196
  209    Bone_HairL01_R                    196
  386    PJ_6_12                           192
  497    Q_5_7                             190
  498    Q_5_8                             190
  485    Q_4_9                             189
  482    Q_4_6                             189
  413    Bone_CapeDecor02_L                187
  51     右薬指１                              184
  385    PJ_6_11                           184
  248    左薬指１                              184
  351    PJ_4_3                            182
  489    Q_4_13                            181
  478    Q_4_2                             181
  47     右中指１                              180
  244    左中指１                              180
  224    左腕                                177
  322    PJ_2_0                            176
  236    左親指０                              174
  39     右親指０                              174
  335    PJ_3_0                            170
  324    PJ_2_2                            170
  43     右人指１                              170
  240    左人指１                              170
  371    PJ_5_10                           169
  370    PJ_5_9                            162
  350    PJ_4_2                            158
  364    PJ_5_3                            158
  374    PJ_6_0                            157
  496    Q_5_6                             154
  499    Q_5_9                             154
  308    PJ_0_12                           150
  373    PJ_5_12                           148
  358    PJ_4_10                           147
  252    左小指１                              146
  55     右小指１                              146
  442    Q_1_11                            146
  467    Q_3_6                             145
  490    Q_4_14                            145
  477    Q_4_1                             145
  470    Q_3_9                             145
  229    左ひじ                               144
  361    PJ_5_0                            142
  435    Q_1_4                             141
  323    PJ_2_1                            141
  459    Q_2_13                            141
  439    Q_1_8                             140
  540    Bone_RosetteA01_L                 140
  539    Bone_RosetteA01_R                 140
  267    右ひざ補助                             138
  272    左ひざ補助                             138
  438    Q_1_7                             137
  448    Q_2_2                             136
  337    PJ_3_2                            136
  443    Q_1_12                            135
  338    PJ_3_3                            134
  334    PJ_2_12                           133
  376    PJ_6_2                            133
  357    PJ_4_9                            131
  67     Bone_BreastDecor01_L              128
  68     Bone_BreastDecor01_R              127
  458    Q_2_12                            126
  434    Q_1_3                             124
  424    Q_0_8                             123
  473    Q_3_12                            122
  464    Q_3_3                             122
  311    PJ_1_2                            121
  253    左小指２                              120
  503    Q_5_13                            120
  492    Q_5_2                             120
  56     右小指２                              120
  325    PJ_2_3                            119
  384    PJ_6_10                           119
  312    PJ_1_3                            119
  44     右人指２                              118
  48     右中指２                              118
  52     右薬指２                              118
  241    左人指２                              118
  245    左中指２                              118
  249    左薬指２                              118
  360    PJ_4_12                           118
  449    Q_2_3                             116
  460    Q_2_14                            115
  309    PJ_1_0                            115
  445    Q_1_14                            115
  447    Q_2_1                             115
  453    Q_2_7                             114
  454    Q_2_8                             114
  347    PJ_3_12                           113
  535    Bone_ShirtDecorA02_R              112
  321    PJ_1_12                           111
  348    PJ_4_0                            110
  31     右腕捩                               110
  423    Q_0_7                             110
  326    PJ_2_4                            110
  363    PJ_5_2                            106
  441    Q_1_10                            106
  457    Q_2_11                            106
  49     右中指３                              104
  45     右人指３                              104
  336    PJ_3_1                            104
  41     右親指２                              104
  57     右小指３                              104
  53     右薬指３                              104
  238    左親指２                              104
  254    左小指３                              104
  250    左薬指３                              104
  242    左人指３                              104
  450    Q_2_4                             104
  246    左中指３                              104
  34     右腕捩3                              103
  237    左親指１                              102
  397    PJ_7_11                           102
  508    Q_6_4                             102
  40     右親指１                              102
  515    Q_6_11                            102
  365    PJ_5_4                            101
  465    Q_3_4                             101
  466    Q_3_5                             101
  432    Q_1_1                             101
  471    Q_3_10                            101
  472    Q_3_11                            101
  444    Q_1_13                            100
  398    PJ_7_12                           100
  456    Q_2_10                             97
  313    PJ_1_4                             95
  451    Q_2_5                              94
  318    PJ_1_9                             94
  225    左腕捩                                93
  372    PJ_5_11                            92
  431    Q_1_0                              90
  227    左腕捩2                               90
  488    Q_4_12                             88
  436    Q_1_5                              88
  430    Q_0_14                             88
  501    Q_5_11                             86
  380    PJ_6_6                             86
  433    Q_1_2                              86
  479    Q_4_3                              86
  381    PJ_6_7                             85
  379    PJ_6_5                             85
  502    Q_5_12                             85
  493    Q_5_3                              83
  494    Q_5_4                              83
  310    PJ_1_1                             80
  504    Q_5_14                             80
  491    Q_5_1                              80
  387    PJ_7_0                             80
  514    Q_6_10                             78
  131    歯上                                 78
  440    Q_1_9                              78
  319    PJ_1_10                            78
  130    歯下                                 78
  509    Q_6_5                              78
  296    PJ_0_0                             76
  513    Q_6_9                              76
  382    PJ_6_8                             76
  510    Q_6_6                              76
  345    PJ_3_10                            75
  417    Q_0_1                              73
  362    PJ_5_1                             72
  383    PJ_6_9                             71
  427    Q_0_11                             71
  486    Q_4_10                             70
  420    Q_0_4                              70
  214    Bone_HairK01_L                     70
  217    Bone_HairK01_R                     70
  481    Q_4_5                              69
  455    Q_2_9                              69
  487    Q_4_11                             69
  507    Q_6_3                              68
  516    Q_6_12                             68
  428    Q_0_12                             67
  330    PJ_2_8                             67
  452    Q_2_6                              66
  480    Q_4_4                              66
  314    PJ_1_5                             65
  228    左腕捩3                               65
  388    PJ_7_1                             65
  298    PJ_0_2                             63
  419    Q_0_3                              62
  215    Bone_HairK02_L                     60
  331    PJ_2_9                             60
  218    Bone_HairK02_R                     60
  437    Q_1_6                              59
  506    Q_6_2                              59
  517    Q_6_13                             59
  511    Q_6_7                              58
  512    Q_6_8                              58
  461    Q_3_0                              58
  476    Q_4_0                              58
  500    Q_5_10                             58
  495    Q_5_5                              58
  446    Q_2_0                              58
  411    Bone_CapeDecorTop01_L              56
  426    Q_0_10                             56
  421    Q_0_5                              56
  317    PJ_1_8                             55
  315    PJ_1_6                             55
  352    PJ_4_4                             55
  333    PJ_2_11                            54
  327    PJ_2_5                             54
  328    PJ_2_6                             53
  297    PJ_0_1                             53
  425    Q_0_9                              52
  378    PJ_6_4                             52
  320    PJ_1_11                            51
  505    Q_6_1                              51
  518    Q_6_14                             51
  306    PJ_0_10                            48
  216    Bone_HairK03_L                     48
  219    Bone_HairK03_R                     48
  226    左腕捩1                               46
  414    Bone_CapeDecor03_L                 46
  369    PJ_5_8                             46
  415    Bone_CapeDecor04_L                 44
  422    Q_0_6                              43
  339    PJ_3_4                             43
  64     右腕補助                               43
  329    PJ_2_7                             42
  359    PJ_4_11                            41
  332    PJ_2_10                            41
  307    PJ_0_11                            41
  429    Q_0_13                             40
  304    PJ_0_8                             40
  301    PJ_0_5                             38
  349    PJ_4_1                             38
  377    PJ_6_3                             37
  418    Q_0_2                              37
  346    PJ_3_11                            36
  256    左ひじ補助                              34
  63     右ひじ補助                              34
  391    PJ_7_5                             34
  392    PJ_7_6                             33
  393    PJ_7_7                             33
  302    PJ_0_6                             31
  366    PJ_5_5                             31
  305    PJ_0_9                             31
  353    PJ_4_5                             30
  368    PJ_5_7                             28
  356    PJ_4_8                             28
  354    PJ_4_6                             28
  394    PJ_7_8                             27
  300    PJ_0_4                             26
  389    PJ_7_2                             26
  396    PJ_7_10                            25
  416    Q_0_0                              25
  367    PJ_5_6                             25
  316    PJ_1_7                             24
  299    PJ_0_3                             24
  344    PJ_3_9                             21
  341    PJ_3_6                             17
  355    PJ_4_7                             17
  303    PJ_0_7                             16
  390    PJ_7_4                             14
  343    PJ_3_8                             12
  340    PJ_3_5                             11
  342    PJ_3_7                              9
  395    PJ_7_9                              2