材质                三角     贴图 贴图路径                         UV 包围盒(u0,u1,v0,v1)      采样 alpha: 全透明% 半透明% 不透明%  RGB 均值
----------------------------------------------------------------------------------------------------------------------------------
颜               1942      0 tex/颜.png                    (0.012,0.988,0.167,0.846)     0.0    0.0  100.0   (251,233,225)
颜2              1032      0 tex/颜.png                    (0.080,0.920,0.167,0.682)     0.0    0.0  100.0   (252,235,227)
颜3               896      2 tex/表情1.png                  (0.083,0.917,0.335,0.680)    85.5    0.4   14.1   ( 20, 18, 18)
颜4               896      2 tex/表情1.png                  (0.091,0.925,0.002,0.993)    81.7    0.8   17.5   ( 25, 24, 24)
睫               1116      0 tex/颜.png                    (0.005,0.474,0.005,0.289)     0.0    0.0  100.0   ( 68, 83, 91)
眉                 52      0 tex/颜.png                    (0.699,0.931,0.023,0.064)     0.0    0.0  100.0   (124, 75, 60)
白目               148      0 tex/颜.png                    (0.363,0.637,0.862,0.992)     0.0    0.0  100.0   (206,207,211)
目                192      4 tex/目.png                    (0.090,0.910,0.011,0.990)     0.0    0.0  100.0   ( 39, 69, 84)
瞳                192      5 tex/瞳.png                    (0.090,0.910,0.011,0.990)    99.0    0.0    1.0   (255,255,255)
目光               200      6 tex/目光.png                   (0.008,0.992,0.008,0.992)    93.4    4.9    1.6   (255,255,255)
鼻线                35      0 tex/颜.png                    (0.890,0.931,0.992,0.993)     0.0    0.0  100.0   (184,128,118)
口舌               524      0 tex/颜.png                    (0.785,0.976,0.892,0.994)     0.0    0.0  100.0   (187,112, 99)
齿                144      0 tex/颜.png                    (0.679,0.758,0.898,0.983)     0.0    0.0  100.0   (255,255,255)
星目                28      0 tex/颜.png                    (0.003,0.029,0.967,0.998)     0.0    0.0  100.0   (255,242,174)
前髪              4760      8 tex/髮.png                    (0.002,0.985,0.005,0.996)     0.0    0.0  100.0   (215,179,141)
髮               5775      8 tex/髮.png                    (0.003,0.998,0.002,0.998)     0.0    0.0  100.0   (222,189,154)
头饰              1208      8 tex/髮.png                    (0.199,0.940,0.006,0.996)     0.0    0.0  100.0   (175,174,179)
体              16584     10 tex/体.png                    (0.002,0.998,0.003,0.998)     0.0    0.0  100.0   (156,152,149)
体2              6322     11 tex/裙.png                    (0.003,0.997,0.002,0.999)     0.0    0.0  100.0   (157,132,123)
披肩              2638     10 tex/体.png                    (0.004,0.723,0.003,0.928)     0.0    0.0  100.0   (173,167,173)
披肩饰             1168     10 tex/体.png                    (0.001,0.898,0.000,0.865)     0.0    0.0  100.0   (118,109, 96)
披肩s              243     12 tex/体s.png                   (0.022,0.301,0.323,0.623)    99.4    0.6    0.0   ( 71, 83, 95)
袜               1678     11 tex/裙.png                    (0.158,0.649,0.160,0.998)     0.0    0.0  100.0   (240,232,232)
袜s              1678     14 tex/裙s.png                   (0.158,0.649,0.160,0.998)     0.0   93.5    6.5   (240,232,232)
袜s2             1678     16 tex/袜s.png                   (0.158,0.649,0.160,0.998)    99.8    0.2    0.0   (  1,  1,  1)
裙               1822     11 tex/裙.png                    (0.108,0.995,0.005,0.821)     0.0    0.0  100.0   (111,112,129)
裙内              1822     11 tex/裙.png                    (0.002,0.299,0.003,0.996)     0.0    0.0  100.0   (105,111,129)
肌               2412     10 tex/体.png                    (0.440,0.998,0.620,0.998)     0.0    0.0  100.0   (245,216,205)
肌2              2504     18 tex/肌.png                    (0.005,0.484,0.194,0.402)    99.3    0.0    0.7   (  2,  1,  1)
翼                430      8 tex/髮.png                    (0.243,0.569,0.021,0.668)     0.0    0.0  100.0   (203,210,207)
翼2              2852      8 tex/髮.png                    (0.289,0.700,0.010,0.976)     0.0    0.0  100.0   (174,147,124)
结晶               364     20 tex/结晶.png                   (0.016,0.994,0.014,0.996)    38.4    3.8   57.8   (230,235,236)
结晶2              112      8 tex/髮.png                    (0.176,0.238,0.008,0.987)     0.0    0.0  100.0   (145,208,241)
髮+             10535     21 tex/sp.png                   (0.002,0.998,0.002,0.998)    99.6    0.4    0.0   (  1,  1,  1)
照れ              1942     23 tex/照れ.png                   (0.012,0.988,0.167,0.846)    49.5   50.5    0.0   (251,233,225)
翼+               430     24 tex/翼s.png                   (0.243,0.569,0.021,0.668)    97.4    2.6    0.0   (  8,  8,  8)
结晶+              364     25 tex/结晶s.png                  (0.016,0.994,0.014,0.996)    96.9    3.1    0.0   ( 10, 10, 10)
裙+               449     12 tex/体s.png                   (0.489,0.981,0.098,0.617)    99.0    1.0    0.0   ( 49, 55, 57)