1 11 2184 5384 5416 673 3052 2598 5537 5560 2724 5566 2354 
1 11 5555 641 5523 5501 2418 5477 673 5446 389 5474 5443 
1 10 2697 5525 124 5481 5482 5492 3320 2342 1875 5393 
1 8 1875 221 524 858 2803 5399 5385 5412 
1 40 2145 1716 5168 2320 5197 5207 5221 1192 2616 5252 5245 2757 5277 372 300 1528 5379 5405 414 946 1457 5445 640 5459 898 2548 5542 1240 391 1549 1379 5633 770 5634 480 1039 5617 2115 2171 954 
1 16 2061 5411 1637 5392 5361 5345 5327 5297 5283 558 3230 5253 1206 126 5238 5229 
1 14 2061 5411 1637 5452 1405 3225 1549 140 2311 705 5643 5650 3025 5692 
1 9 1637 1619 5396 2186 2838 1270 5388 1973 5350 
1 10 1637 5442 3405 5491 314 2259 5551 2492 1039 5617 
1 17 3225 2771 5542 5522 5499 430 2637 1852 1724 5575 3260 484 2550 5462 506 2877 5434 
1 15 5434 5413 5381 32 1032 5296 637 5264 5237 5216 1620 5180 5161 5136 2145 
1 20 5379 5354 5330 5304 2745 72 489 5192 3412 2718 5166 591 5116 1195 5075 2219 1841 5048 2875 5029 
1 20 5692 84 751 1733 2100 5792 5795 5823 261 5780 128 5725 131 5688 772 466 1704 5697 5670 5643 
1 32 5575 5602 1653 5621 5648 2964 5696 5721 5742 2800 5791 2783 2163 5915 5934 5972 5998 6038 225 6089 2298 6144 3143 6186 1631 6249 2414 1610 6296 6270 3248 6271 
1 12 6249 1464 3291 1460 1321 2853 6208 471 6237 153 2169 2173 
1 22 3143 6153 424 6100 6077 6029 148 2502 5950 5945 2940 2404 2531 1839 2921 5824 5807 203 1564 253 1588 5818 
1 17 6029 5997 630 5895 2658 5837 5809 5790 349 2398 5689 3144 2176 5638 5612 5585 5605 
1 17 2173 1368 1133 6120 552 6055 3325 1394 2189 1839 2921 5802 1083 86 5686 1827 3125 
1 13 6249 6303 2356 6373 6364 6392 3425 2094 6420 2680 6469 2642 6460 
1 12 5662 5681 1526 3278 3292 1137 876 2542 76 2887 710 5885 
1 17 1653 3129 5531 5540 1754 2128 5469 5498 2578 5536 5564 5606 2093 5642 5660 5647 5621 
1 12 803 5340 645 5394 1410 1073 3191 2183 5554 5589 3386 3363 
1 12 803 5335 1866 3401 5418 1135 392 5373 2401 105 3221 2246 
1 12 2246 5326 3111 3193 5420 720 2297 5524 2472 5590 5618 3125 
1 9 1073 2306 5494 5480 2397 5489 5495 5508 5524 
1 12 5791 5813 3432 5838 5810 5776 5760 5739 1586 5680 5668 3144 
1 5 3325 246 1594 566 5945 
1 6 5945 5981 6015 6049 6088 6127 
1 4 6249 6250 2411 6209 
1 6 6296 2740 3124 6356 684 6373 
1 3 6249 6202 3143 
1 2 2411 6238 
1 8 5992 1851 2809 6090 1230 6118 2490 6128 
1 8 6166 97 2559 559 3178 6248 6264 2173 
1 11 6166 1159 1779 6040 6011 5979 5931 1419 5872 3206 1588 
1 15 6166 728 2879 422 790 3081 6368 658 6457 6497 6526 6541 2378 6627 2488 
1 8 782 6603 402 532 6514 6481 6457 658 
1 37 6166 1159 3373 1745 2413 5978 569 5948 5911 5901 690 1162 5922 5952 2676 5927 2914 1995 715 5921 1007 3356 3148 1320 1262 224 5756 1855 5700 3008 460 5645 5627 697 5596 2022 5526 
1 26 6166 838 1452 1388 542 596 6384 1566 2596 6537 1269 2696 3421 514 1664 6749 6765 54 6793 759 6820 1949 6897 1242 2269 6915 
1 22 6166 838 1452 1635 6268 96 2988 2843 628 1525 6366 743 6437 241 6490 1012 1081 6521 2817 6562 6547 394 
1 17 394 6561 2498 6544 6515 2920 6488 818 6475 1970 925 6436 6431 2674 6379 273 3406 
1 17 3406 6349 965 1792 918 6191 3336 1485 2290 346 5958 2249 1254 5854 5826 1342 602 
1 12 1342 5799 3095 1058 5744 3283 5710 1051 1625 3089 1021 5596 
1 20 394 603 6650 6667 6690 159 199 368 6806 1811 6875 6900 3146 1858 6974 6997 7016 1354 686 2911 
1 10 2269 1284 6935 1529 1016 984 7002 7023 2763 2911 
1 13 6997 399 2903 7009 2287 792 1523 7012 7008 7005 6990 2939 674 
1 8 2012 293 531 5758 1884 5749 3392 3283 
1 7 2012 1088 5856 5861 2149 5835 1320 
1 21 5952 1587 3456 1373 2103 2459 2694 988 1699 423 628 1403 538 1110 2960 1666 6572 1027 101 514 1664 
1 6 532 3096 6458 891 6389 6372 
1 41 6347 6378 6346 347 6407 2324 6435 132 6383 6402 6406 6422 6399 3068 111 3303 6470 3215 2546 2589 2786 6557 6589 6612 6634 6662 1436 6725 6738 6756 6766 2506 3463 614 3449 848 1075 6890 1446 240 1311 
1 7 1311 527 6944 834 483 6964 6966 
1 26 6966 6962 6953 6925 6910 2848 6873 6853 2460 1742 6772 2519 6725 1436 6710 327 6745 6726 2252 6694 2205 6707 2967 1364 1546 1834 
1 22 1546 1831 3196 1003 6717 6708 2615 6636 2029 2406 6530 2558 6504 3314 1187 6472 6450 6463 627 6483 6492 885 
1 21 6552 724 6518 6545 163 6531 2405 6568 6590 1572 2029 6617 2744 6632 1847 791 2438 6635 3073 2726 6557 
1 4 6635 6664 6694 2252 
1 12 6635 2382 2786 6539 584 6482 6446 6398 2162 3174 6343 6319 
1 13 2382 2589 2546 306 6440 416 1093 2426 2333 700 6231 6216 3276 
1 13 2382 6596 6557 6589 2791 993 3243 121 6606 388 6536 570 6512 
1 10 2382 3073 6663 2252 2117 6745 429 69 6800 381 
1 11 6745 6726 2252 6694 2205 6707 2967 1364 2199 1994 3004 
1 13 3073 6664 6694 2252 6726 6745 429 69 6816 6832 6855 1581 6874 
1 13 6214 1357 39 6136 2203 6102 3159 557 1717 2547 6016 63 2770 
1 5 6214 6172 216 3295 2770 
1 15 2181 5786 5805 2277 5851 5877 2108 5899 5933 1199 3003 2158 6046 6078 6101 
1 8 2158 421 5907 1323 5841 5806 5778 5754 
1 11 5754 5770 5796 763 3437 695 5815 3322 2958 2277 5805 
1 8 2697 1936 5584 5595 5604 5623 2985 776 
1 12 776 3074 2690 1427 5453 5430 524 5362 699 5316 842 5274 
1 7 361 175 1427 2303 995 5440 2803 
1 6 361 2610 1036 124 5525 2697 
1 3 361 5581 2985 
1 9 5257 1694 5225 5215 3245 5196 242 1861 5142 
1 11 2258 5200 1334 5196 3245 1755 893 2841 5194 285 3280 
1 8 1235 5174 5182 1755 3245 647 5227 5240 
1 14 4925 396 4897 282 4871 4861 773 4841 3194 4831 1140 4823 4819 2084 
1 5 4823 4810 3099 1098 4779 
1 8 4823 1551 4820 4825 4822 4818 1863 4806 
1 12 4779 4788 1599 1552 4825 1945 580 4835 342 4851 1677 3429 
1 9 3429 1677 4851 4860 386 4876 1979 282 2585 
1 26 4108 4138 2313 3462 1963 2275 1522 4333 10 4405 2107 3289 2386 4554 1750 4622 4641 4657 761 3229 4700 2193 2069 3247 4757 4768 
1 16 4108 4074 4045 1929 3923 3880 3855 2989 3828 3797 3772 94 3701 2393 1078 3110 
1 19 4108 4095 4100 4122 219 1915 3257 2279 4019 4030 4018 4012 459 1960 4003 4017 189 1987 4033 
1 21 4108 4138 2313 3462 2778 1685 4194 820 2965 1049 2933 4318 3102 3061 2538 4331 4341 4379 1608 4372 3117 
1 40 4108 815 2935 4148 3399 3323 1397 1406 4127 4096 479 726 1624 3969 3970 1746 3917 2150 799 3860 2660 35 3046 3904 2387 793 2028 4075 4098 561 1940 2321 2772 4294 1315 3424 2968 1687 1358 4559 
1 13 726 3948 482 3849 2096 2922 2380 3689 2722 3171 3586 3570 473 
1 12 35 3817 119 3138 986 3732 2509 1791 3659 3636 3657 3408 
1 41 3408 3658 3672 3692 3705 1151 3725 2461 1693 3684 171 3650 1119 3629 2859 3651 1120 3645 3630 3624 2765 3635 3625 366 491 2412 1621 1889 57 2314 3560 1536 1854 3454 3533 3540 1236 2528 3538 1009 1060 
1 36 1358 4515 1711 4508 4528 1784 2217 4576 3154 4601 2266 2357 4592 4637 4653 1376 914 4676 2893 2365 4703 2151 2537 2974 1265 3394 4688 3351 2286 1780 2590 62 3354 944 4736 4743 
1 30 2590 62 712 1325 551 2556 4629 2552 4630 4635 4616 4610 1719 4595 3086 1344 4593 4598 4596 3251 4594 25 4611 3267 2982 2137 756 2551 4638 2431 
1 41 2137 4513 665 4408 932 4328 2416 2164 4193 573 377 1816 4016 2901 3967 3929 1793 892 3450 3886 2969 3893 2568 3902 1164 2523 1577 1974 2554 3729 378 3699 3677 1947 3642 3615 3596 3576 3561 1009 1060 
1 43 1974 3812 3839 2272 3878 2315 405 737 3294 1400 2634 1416 1493 3444 4071 1507 3053 1870 2289 644 371 3950 3972 2536 1654 4014 304 3134 4101 1370 1248 3419 4130 1432 4176 3162 864 587 4216 4239 4265 3237 4294 
1 52 1315 648 4319 4298 1902 2663 882 1705 4313 2544 1541 4311 4320 824 1476 4295 4273 4296 749 694 4306 1798 4282 742 4300 232 961 4263 2155 4301 73 1990 2417 3012 1030 356 198 1440 1543 2865 4503 4520 2491 4493 1808 2247 2322 4557 798 1726 4578 2137 
1 9 1406 1397 1023 1614 474 4396 4435 4490 3122 
1 15 1750 968 4582 4583 318 4540 4504 4526 3182 13 4472 4489 428 3122 4490 
1 21 4019 4008 3995 3952 3895 3876 1873 1880 3776 3739 2900 2318 3703 3687 3649 1690 3593 1927 3583 1782 3110 
1 21 3110 3598 3171 1555 3653 3644 3098 3691 575 3715 375 3720 855 3704 1317 1337 3654 601 3628 30 3636 
1 32 2859 3710 974 3310 3819 1772 3927 3966 1870 3435 4128 1559 853 961 731 1407 4437 3313 2228 4614 4633 2077 1780 2601 1913 4773 144 448 4801 4814 263 4830 
1 39 986 3760 92 1575 127 539 593 3926 3963 3992 4026 3134 1708 2125 1848 1218 4182 79 1714 1798 4321 324 4404 4430 4450 4463 4534 1759 4589 4614 4633 1038 62 3354 944 4736 4760 3440 2260 
1 26 2260 4761 3187 1371 4690 4663 4616 687 4524 4502 2865 4419 4383 3205 4285 1380 589 4192 4163 780 2831 2856 4029 3997 2874 1793 
1 6 4865 2687 4886 2250 2044 4916 
1 6 4865 1041 889 1483 103 4945 
1 7 4945 2813 4936 4946 214 4940 2513 
1 3 2513 4931 4916 
1 8 4916 2044 4912 1035 4924 4932 2816 103 
1 9 5250 1634 3414 1900 2656 2886 1217 1619 1637 
1 9 5250 5241 5259 2703 5288 169 2762 558 3230 
1 7 1405 2599 5491 5534 5580 5608 5634 
1 5 1549 3446 1800 5534 314 
1 6 1852 5541 5569 207 5622 5650 
1 8 6364 2524 2857 3438 2478 446 6256 6237 
1 8 6237 471 6208 6184 6150 137 755 6077 
1 8 6029 2464 6030 6012 3075 1948 6003 5998 
1 13 3325 5980 5971 1753 5924 562 5866 2421 3206 5843 5818 1588 5772 
1 19 5807 5824 5802 1874 5741 901 5719 3082 5685 5665 5641 2764 2501 5544 2183 5554 5589 3386 5654 
1 9 5538 5562 5601 5628 5658 5664 5649 5654 3363 
1 3 5538 5529 2183 
1 10 1073 5449 1054 1158 5380 5366 5347 5322 2512 803 
1 24 2170 4889 4908 1287 452 4954 3200 2373 830 2729 5016 5025 5041 5061 272 3258 5108 5115 5122 5144 5164 5183 3131 201 
1 9 201 3131 5183 5164 5144 5122 2462 2976 5035 
1 21 201 3131 5183 896 5156 1398 2906 5140 5133 2647 5127 1835 5109 2725 5079 23 2597 309 3066 2495 5087 
1 14 5087 2495 5047 5033 2013 2469 3026 4975 1234 4941 104 2143 4889 2170 
1 18 4889 4908 779 452 4944 3200 2373 830 4991 4993 540 5025 5041 3040 3380 5021 5022 5035 
1 13 1017 5002 370 2781 1584 2511 651 626 4969 2623 4960 1964 1488 
1 13 1017 3409 1104 5058 5085 2659 5093 1521 1511 5171 5176 807 5210 
1 13 5210 807 963 434 5095 407 5053 5039 3006 1787 2304 4978 4966 
1 12 5210 886 5177 5160 2793 5123 1008 2798 5064 5049 5043 3265 
1 18 5043 985 2665 2348 2050 5000 2304 797 3115 4958 1450 4943 4935 27 4909 1580 4888 3005 
1 6 1488 3340 826 4899 3402 3005 
1 11 3005 1736 1571 4893 4903 1383 2915 4927 4919 4930 2788 
1 12 5205 2083 3153 3296 5289 296 5325 380 5382 5401 1101 5454 
1 9 5356 2432 5324 5303 5289 5275 5267 2870 5260 
1 8 5235 152 5276 5313 5342 1640 2124 352 
1 8 2869 5262 2233 2517 1063 679 5408 3179 
1 4 1063 5353 1678 5292 
1 6 1008 5098 2113 2827 745 5173 
1 6 3040 5061 5080 577 1451 1835 
