state = {
	id = 883
	name="STATE_883"
	manpower = 0
	state_category = ocean

	history = {
	}

	provinces = {
		4757 4769 4952 5066 5191 5261 5386 5433 5464 5499 5542 5644 5656 5668 5728 5737 5780 5825 5873 5879 5942 5984 5992 6000 6003 6009 6016 6024 6026 6044 6081 6167 6359 6367 6475 6545 6554 6603 6673 6778 6836 6838 6839 6888 6919 6953 7012 7023 7028 7064 7134 7144 7151 7200 7233 7235 7250 7252 7502 7865 7873 7874 7875 7881 7882 7886 7887 7890 7891 7892 7896 7899 7904 7906 7909 7913 7919 7921 7926 7928 7930 7944 7945
	}
}
