state = {
	id = 889
	name="STATE_889"
	manpower = 0
	state_category = ocean

	history = {
	}

	provinces = {
		4795 4839 4895 4979 5229 5265 5447 5454 5521 5564 5619 5673 5676 5684 5686 5736 5914 5933 6064 6072 6122 6139 6159 6165 6190 6203 6324 6353 6379 6381 6385 6397 6461 6463 6482 6487 6537 6564 6577 6578 6664 6676 6686 6729 6737 6738 6764 6780 6802 6820 6841 6843 6926 6968 6978 6986 7008 7018 7050 7075 7097 7105 7147 7159 7214 7254 7272 7281 7285 7287 7308 7326 7333 7341 7360 7370 7397 7404 7462 7465 7514 7765 7779 7803 7811 7837 7839 7840 7842 7845 7847 7852 7853 7861 7866
	}
}
